     |  C1  C2 C3 C4  C5  C6  C7  C8  C9 C10 C11 C12
----------------------------------------------------
  R1 |  92  83 23  5  76  45  24  14  63 106  67  39
  R2 |   7  80 36 60  41   8  46   2  88   1 112  35
  R3 |  74  16 13 42  27  55  87  31 114  68  21  82
  R4 |  18 117 71 62  20 105  34 100  49  64  40 115
  R5 |  94  32 72  3  12 119  77  66 118  99  93  89
  R6 |  37  70 73 43  17  38  19 107  51 109 108 103
  R7 | 120  59 33 52 104 101  65   4  25  15  86  22
  R8 |  30  75 81  6  98  84 116 113  11  97  69  54
  R9 |  28   9 10 56  44 110  29 111  95  91  53  58
 R10 |  57  50 61 26  48  78  79  90  85  47  96 102