     |  C1 C2  C3  C4  C5  C6  C7  C8  C9 C10 C11 C12 C13
---------------------------------------------------------
  R1 |  65 71 129  28  68  15  88  74  67  81 116  38  43
  R2 |  61 66  77  95 123  18  31 130  26  73   5  50 104
  R3 | 125 25  69  30  62 127 100 108  59  13  70  39 107
  R4 |  98 51  89  20 103  58 113  44  75 102 106 121  45
  R5 |   7 64  16  11  29  55  91  33  83   2  82  21 109
  R6 |  19 87  12 111  36  52   4 112  76  46  10  57  49
  R7 |  60 42  96 128 110  23  53  93  97 117   8  37  24
  R8 | 105 84  14 114 115   1 124  78  90  47 118   3  35
  R9 | 101 17  34  79  54  92  27  86   6  32  85  48 120
 R10 |  41 72  94  56  80   9  22 122 126  40  63 119  99