     |  C1  C2 C3  C4  C5  C6  C7  C8 C9 C10 C11 C12 C13
--------------------------------------------------------
  R1 | 128  10 27 112 126 114 118  57 83 102  55  15  47
  R2 | 116  13 65  91 124  99  51  90  2  88  19 125  80
  R3 | 129  76 49  81 119  22  82  53 14  89  12 120  58
  R4 | 101 113 35 123  92  86  36 110 85 122 111  97  43
  R5 |  31 106 54  93  67 115  45  73 63  18   7 100  72
  R6 | 104  24 95   5  34  11  48  52 44  68 105  39 127
  R7 |  69  87 60   3  28 103   6 109 30  56   9  96  59
  R8 |  71  78 33  94  40  46  41  37 74  20  42  32  29
  R9 |  79  61 66  70 121  84  23 107  4 117  77  75  98
 R10 | 108  64 38 130   8  62   1  26 21  50  25  17  16