     |  C1  C2  C3  C4  C5  C6  C7  C8  C9 C10 C11 C12 C13
----------------------------------------------------------
  R1 |  13  47  68   3  32  38 106  21  69  27 111 101 112
  R2 |   9 105  72  87  77  30 118  16  76  89  40  62  92
  R3 |  45  51   8  93  24  82  36   2 119 116  60 114  35
  R4 |  25  15  59  37  99  74  70  95  83   5  12  41 124
  R5 |   4  88  86  64  34  78 110 100  55  57  49  97  10
  R6 |  18  54 107 123  23   6  28  61   7  17  29  84  31
  R7 |  98  90  14  81  73 121  63 117  39  43 103  91 126
  R8 | 108  58 115  48 122 102  75  44   1  56  96  85  71
  R9 |  53  66  19 120  79 109  26  65  94  46 127 128  80
 R10 |  52  42  50  20 129 130  22 104  67  11 125 113  33