     |  C1  C2  C3  C4  C5  C6  C7  C8  C9 C10 C11 C12 C13
----------------------------------------------------------
  R1 |  47  83  88  76  52 116 121   7  35  50  59 106  65
  R2 |  30   4  68 124  74  98  58   2  51  10  32 109  67
  R3 |  87 105  64  80  19  78 108  53  45  77  90  44   5
  R4 |   9  60 114  72  37  82  54 112  15 128  79  20  57
  R5 |  63  23  84  89 103  62  71 101  27  22  39 130  43
  R6 | 107  55 120 118  34  85  33   6  42  31 127 102  61
  R7 | 117  12  96  14  18  48  28  36  69  70  26  66 123
  R8 |  97 115  49   1  16 129  13  40  24  99 122  17  25
  R9 |  29 119 111 125  73  46  38  93  81  11 100   8  21
 R10 | 104  91  86 113  92  94  56  41 126 110  95  75   3