     |  C1  C2  C3  C4  C5  C6  C7  C8  C9 C10 C11 C12 C13
----------------------------------------------------------
  R1 |  15  25  90 123  99  28  38  40 125  45   2  21  22
  R2 |  47 114  37  64 117 118  32  98  51  79  54  75  36
  R3 | 107  87 101 129  70  46  68  59  41   9  33 115 124
  R4 | 128   7  42 109 113  61   5  83  26 105 108 100 130
  R5 |  34  71  27  11  58  24  77  60 106  48 126 119  63
  R6 |  97  80  96  93  82  13  43 112  91  31  12  57  78
  R7 |  81  30  69 122  18 121 102  65  76  49  23 103  95
  R8 |   1  56  72  29   6  88   3  19  16  44  66 110 104
  R9 |  74  52   4  67 120  35 116  85  92  94  20  10  17
 R10 |  39  89  50  14  86   8  73 111  62  84  55 127  53