     |  C1  C2  C3  C4  C5  C6  C7  C8  C9 C10 C11 C12 C13
----------------------------------------------------------
  R1 |  97  26   1  95 116  29  64 128  80  24  72  56  73
  R2 | 101  50  75  52 120  59  98   8  33  81  53 105  45
  R3 |  18 102  38  66  67  70  15  71 122 112  58  51  25
  R4 |  60  54  42 114   6  10 103  31  90  19 118   2  49
  R5 |  11 129 115  68 108  35  79  37   4   5  92  44  61
  R6 |  12  78  14  36  23  39  21  47   7 123  87  40 109
  R7 | 110  43  62 125  86  30  82  93  89 113 100  32  34
  R8 |  57  46  16  94 107  27  17   3 117 126  99 104  76
  R9 |  20  85  55  13  96 130  69 124   9 106  63  22 111
 R10 |  77  88  28 121  48  91  83  74 127  84  41 119  65