     |  C1  C2  C3  C4  C5  C6  C7  C8  C9 C10 C11 C12 C13
----------------------------------------------------------
  R1 | 116 112  41  75  91  20  12  50 120 110  84  29  38
  R2 |  16  25 114  26   6   1  46 109 106  60  32  42  59
  R3 | 102  93  73  22 103  69 126  17 105   3 104  65 130
  R4 |  57  62  96  48 101  94  53  72  58  92  70  51  82
  R5 | 117 123 125  34  71  23  61  54 111 122  47  52  19
  R6 |   8  10  89  56  87  21  14  24  95  37  98  35  15
  R7 |  86   4  77  64  74  66  97  76 118  80  85  28  31
  R8 |  55  43 127 115 129 128 100  33 108   2  67  36 107
  R9 |  27  18  30 113  13  78   7  40  39  79  88  90  45
 R10 |  11  83  81  44  99 119 124  49 121   5  68   9  63