     |  C1  C2  C3  C4  C5  C6 C7  C8  C9 C10 C11 C12 C13
---------------------------------------------------------
  R1 | 127   9 100  80  97  54 41  69 114 122  84  58  71
  R2 | 102  47  85  44  14  94 12 124  66   8  55 106 123
  R3 | 129  59  22  96 117  24 21 125  65 109   7  25  33
  R4 | 112 116 121  29 103 128 79 107  32 101   4  73  28
  R5 | 110   1   3 115 130  34 86 105  38  50 118  72   5
  R6 | 108  70  93  37  18  27 63  62  13  16  92  64  36
  R7 |  52   6  77  76   2 113 91 120  98  19  67  83  89
  R8 |  53  51  20  78  43  23 82 111  42 119  48  46  11
  R9 |  74  75  88  10  39  99 56 104  61  15  49  26 126
 R10 |  35  31  87  17  60  57 30  95  90  40  81  45  68