     |  C1  C2  C3  C4  C5  C6  C7  C8  C9 C10 C11 C12 C13
----------------------------------------------------------
  R1 |  30  20   7  93  94  10  52   2   9 118  66  19  63
  R2 | 128   3  59 115 125  90 100 119  73 116  87 130  58
  R3 |  69  81  24   1  83  61  96  92 101 103  55  48  11
  R4 |  25  22  13  33  79 108  82  67  39  91 111  71  99
  R5 | 104 114  26  97 110  98 102  95  89  21  74  64 120
  R6 |  44  23  75  54   5 126  29 112  57  50  47 124  32
  R7 |  85  77  41  72  68  42  88   8 109  12  51  60  38
  R8 |  18  36  86  45 129  28   4  14  78  70  53   6  62
  R9 |  34 107 121  37  31 123  35  16  56  43  17 105  49
 R10 |  27 113  46 122  76  80  65  15  84 127 117 106  40