     |  C1  C2  C3  C4  C5  C6 C7  C8  C9 C10 C11 C12 C13
---------------------------------------------------------
  R1 |  90 120  13 109  43  78 96  22  24  67  95  21 103
  R2 | 130  91   7  65   9  37 40 119  16   5 122  39 110
  R3 |  61  10  12  18  52  62 58  82 118  19  84 106  87
  R4 |   1  27 121  50  11 107 17  64  80  36 105   4  51
  R5 |  98 108  70 102  35  41 94  86  20  26  88 111  29
  R6 | 128 104  45  85  55  28 63  25  54 124  30  15  72
  R7 | 101  79  47   3 115  53 34  14 129  57  49   8  56
  R8 |  89  99 127  33  77  69 66  42  44   6  73  68 100
  R9 | 113 126  93  92  60   2 59  81  75 123  71  76  32
 R10 |  97  31 114  46  83 117 38 116  48  23  74 112 125