     |  C1  C2  C3  C4  C5  C6  C7  C8  C9 C10 C11 C12
------------------------------------------------------
  R1 |  48   4  64  28 115   3  49  68  25 103  16  13
  R2 |  27  17 120  53  30 113  63  88 105  35  33  80
  R3 |  79   2  23 111   8  20  91  99  96  19  58  29
  R4 |  11  52  47  12  82  85  98  57  60  44  46  36
  R5 | 117  10  89  59  34  78 109  76  18  65  21  15
  R6 |  31  14  54  51 119  75 107 114  38  72  24 112
  R7 |  62  56  32 116  41  22  77 106  69  66  94  42
  R8 | 108 110  26  74  97  87   1   5 118  93  70 101
  R9 | 102  83  45  71  67  92  90  55   6  37 100  84
 R10 |  43  40   7  95  39  73  61  50 104   9  86  81