     |  C1  C2  C3  C4  C5  C6  C7  C8  C9 C10 C11 C12 C13 C14 C15 C16
----------------------------------------------------------------------
  R1 |  59  84 120  72  94  35  63 105  30  87  16  56 148  15  89  77
  R2 | 127  52  48 152 157  74  10 128 109  17  36  14 106  69  39 104
  R3 |  29  22  88  12  45 153 156 110  85 111  92 100 108  37  49   2
  R4 |   6  55 122  41  64 133  54 137  93 132  75 145 141 140  51  68
  R5 |   8   5  24  99   7  44  23 151 147  11 154 103  62  79 113  40
  R6 |  81 123  13  61  98  90  78  57 150  46 139  42  95 138 158  47
  R7 |  60  26 136 144  70  73 129  38 143  91 134  18 118 126  43 130
  R8 |  28   1   9 125  71 160 146  83 131 101  76 155  82  31 112  33
  R9 |  97   4 107 102  53  20 149  19 159 142 135 117  80  65  25  50
 R10 |  58 116 119   3  21  96 114  34  66  86 115 121  27  67 124  32