     |  C1  C2  C3  C4  C5  C6 C7  C8  C9 C10 C11 C12
-----------------------------------------------------
  R1 |   1  43  90  63  72  71  7  44  39  84  81  56
  R2 |  65 108 118 119  99  96 73   3  52  16  34  18
  R3 | 117  29  80  32  12  66  2 103  45   8  54 116
  R4 |  24  60  25  61 106 110 49  27   6  51  11  89
  R5 |  19  20  76  35  92 104 38 100  75  33   4  23
  R6 | 111  42  87  82  58  78 91 107  83  74  88   5
  R7 |  50  62 102  67  14  47 46  26  64  37  21 105
  R8 |  69  57 114  15  95  13 97 112  86  41  30  77
  R9 |  85 101  28 115  68  55 31  17  10  48  22  98
 R10 |  40  53  70 120  79  59 93  94 113 109   9  36