     |  C1  C2  C3  C4  C5  C6  C7  C8  C9 C10 C11 C12 C13 C14 C15 C16
----------------------------------------------------------------------
  R1 | 154  48 118  55  17   3  42  63 109 133  66   2  28 159  79  46
  R2 |   8  90  10 155 115 113  61  95 102 116 111  59 112  12  67 121
  R3 | 145 125  64  18 132 104  72  54  34  94  77 107 122 120  62  58
  R4 |  87 136  70  82  19 105 158 138  14  22  88  21  47  25  71 103
  R5 |  43   7  38 127  16  11  56   1  81  96 146   6  45   9  23 108
  R6 | 149 134  99 141  40 142  37  30  92  51   4 137  84  27  97  35
  R7 | 129 147 144 126 157 148  69   5  32  26  13  91  53  49  31 110
  R8 | 117  74 114 119 153  36  98 130 135 123  68 143  85 150  65  41
  R9 |  93  29  52 151 152  76  73  57  50 128  83 160  75 100 101 156
 R10 | 124  89 131  20  15  78  44  60  39  86 139 106  33 140  80  24