     |  C1  C2  C3  C4  C5 C6  C7  C8  C9 C10 C11 C12
-----------------------------------------------------
  R1 |  29  98  39  67  78 49 104  42  99  46  36 110
  R2 |   1 118  15  61  90 84  53  32 113 116 107   4
  R3 |  35  59   3  95  94 68  41  92 102  58  54  77
  R4 |  20  79 108 115 106 96 114   7 112  19  60  72
  R5 |  76  12  25  23  27  2  47  93  63   5  37  83
  R6 |   9  48  44  30 117 52  21  28 105  69  57  71
  R7 |  13  40  82  26  51 24  70 120  33  11  62  43
  R8 |  88  17  85 119  80 65 103  66  31  10  18  91
  R9 |  87  22 101  14   6 16  45  55  74  56  38   8
 R10 | 111  81  89  73  50 64  97 100  34  75 109  86