     |  C1  C2  C3 C4  C5  C6  C7  C8  C9 C10 C11 C12
-----------------------------------------------------
  R1 | 103  45  13 38  52  99   4  39 101  29   3  15
  R2 |  83 119  73 74  49 112  47  41  57 108  17  50
  R3 |  90  27  44 28  53   8  18  70 120  81  93 114
  R4 | 115  78  31 10  43  64  33  56  60   9 116  16
  R5 |  71  26  11 20 104  84  67  86 105   1  77  91
  R6 | 113 107  72 88  82  34  35 102  22  96  69 118
  R7 |  61  30  21 63  14  12   7  87  25  68  94  89
  R8 |  24 109  46 75 111  98  42  19  55  36  79  76
  R9 | 117  92  48 23  51  32  80   2  40  66  97  59
 R10 | 110  58 100 85  37  54 106   6   5  62  95  65