     |  C1 C2 C3  C4  C5  C6  C7  C8  C9 C10 C11 C12
----------------------------------------------------
  R1 |  56 34 24   4  40 108   8   1  54  13  83  81
  R2 | 119 60 15  27  50 105  25 102  66  45 107 111
  R3 |  22 94 95  97  79 117  67  82   9  42  17  73
  R4 |  93 47 32  62  26  19  91  38  49  57  98  78
  R5 |  37 52 48 109   2  29  84 104  46  70  85  87
  R6 |  71 65 72  36  10 106 116 101  99 115 120  92
  R7 |  89 76 16  90  75  55  11  21 100  64  77  12
  R8 | 113 58 74   5  51 110  69  20 103  88  23  96
  R9 |  31 86 80  28 112  59  33  41  43  63  68  14
 R10 |  39  6 30  44  53  61   7 118 114  18   3  35