     |  C1  C2  C3 C4  C5  C6  C7  C8  C9 C10 C11 C12
-----------------------------------------------------
  R1 |  65 108   3 72 106  37   2  92  44   1  11  63
  R2 | 120  30  35 48  74 103  17  78  82  84  87  40
  R3 |  83  33 119 51  49 104  66  79 115  15 116  31
  R4 |  73   7 112 81  56  67 109 118  12 107 101  25
  R5 |  94  88  20 70  77  96  38  22  50  36  55  26
  R6 |  14  90  85 46  28  62  53  54  57  86  99  68
  R7 | 111  34  64  5  93  89  45   9  97  75  32  76
  R8 |  80  98  61 39  23 113  29  91   6 102  95  24
  R9 |  71  16   8 13  47  18  10  69  27 110  59 114
 R10 |  21 117 100 42  41  43  60  58 105  52  19   4