     |  C1  C2 C3  C4  C5  C6 C7  C8  C9 C10 C11 C12
----------------------------------------------------
  R1 | 116 108  5  50  98  63 61   6  10  24  38  36
  R2 |  39  32 17  69   2  85 28  92 112  51  13  25
  R3 |  62  65 89  21  47  66 68  84  45  77  83  46
  R4 |  80 107 29  35  58  33 97  75   7  41  90 111
  R5 | 101  42 74  86 105  19  9  81  48  91  30  49
  R6 |  26  82 37 115  79  22 43 109 100  95  27  78
  R7 |  59 102 87 118   1  96 11 110  60  94  14  64
  R8 |  40 114 44  72   4  88  3 103  16 104  53 119
  R9 | 106  93 31  99  76 120 57  70  20  55  52  12
 R10 | 117  23 18 113  34  56 71  54  67  73  15   8