     | C1  C2  C3  C4 C5  C6  C7  C8  C9 C10 C11 C12
----------------------------------------------------
  R1 | 94 110 117  28 52 107  92  62 106  13   1  56
  R2 | 41  97 103  51 90  54  27  74  50   8  78  80
  R3 | 95  29  77 108 76  69 102  99  88  36 115  91
  R4 | 53  40  34  59 15  45  55 112  30 114  83  87
  R5 | 86  35  21  11 89 113   9  43 100  33  85  96
  R6 | 47 109  44  14 37  10  18  19  31  25 119   2
  R7 | 12  26 101 105 61  64  58  79  46  48  20  39
  R8 | 17 118  73 120 22  24  38   6   5  70   4  42
  R9 | 75  84  71  68 72  23  57  81  82  65 116  60
 R10 | 49  98   7  32 66  93 104  16 111   3  67  63