     |  C1  C2 C3  C4  C5  C6  C7  C8  C9 C10 C11 C12
-----------------------------------------------------
  R1 |   9  59 37  14  58  19  64  86  82  47  66  53
  R2 |  34 114 96  38  33  27  25  81 103  16  49  46
  R3 |  98  76 83  60  45  80  54  92  51  85 105  21
  R4 |  88  94 23  36   1  65   8 111 101  44 120  71
  R5 | 119 110  4  26  12  99 109  89  30  79  68 118
  R6 |  29  67 15  40 108 113  74 106  57  50  24   6
  R7 |  28  95 22  39   5  55  63   7  31  93  11 104
  R8 |  73  10 61  72 100  18  20  13 102  56  35  52
  R9 |  70  43 32  17  97 115  48  62   3  90   2  77
 R10 | 117  87 78 107  41 116 112  42  69  75  91  84