     |  C1  C2  C3  C4  C5  C6  C7  C8  C9 C10 C11 C12 C13 C14 C15 C16
----------------------------------------------------------------------
  R1 | 124  97  79 121 149   3   6 130  21 156  54   7 139  85 152 118
  R2 | 127 120  51  27  19  28  10  43  80  95  74  42 140 159  12 144
  R3 |  16 148  22  55   2 136  31  65   4  15  34 126  88 129 123 116
  R4 |  38 147   8   1  46  24  92 150  86 146 110  71  84  94 114 115
  R5 | 131  96  89 107 104  62  57 112  59 138  53 132  66  61  87 154
  R6 | 119 145 122  13  76 111  56  67 158 106 101  26  82  48  91  50
  R7 |  93  14  69  47  77 125  60  68  63 142  11  37  23  40 155  20
  R8 |  35  18  52  83   5  17 157 109 113  45  33  30 134 103 108  41
  R9 | 135  98  29 160  49  99  72 141  36   9 105  73  58 117 102 151
 R10 |  81  70 133  75  32 100 153  39  64  78 137  44  90  25 143 128