     |  C1  C2  C3  C4  C5  C6  C7  C8  C9 C10 C11 C12 C13 C14 C15 C16
----------------------------------------------------------------------
  R1 | 125 150  48 123  18 105   4 110  54  99 124  94  86  92 158  34
  R2 |  50  47 118   5 155  85  16  42 132  31   8  41  58  39  80  88
  R3 | 159  23  44 109  57  77 157 148  14  52  46  66  37 160  11  43
  R4 |  45 154 102 108  79  29  69  83 101  17  71 122  15  22  27  62
  R5 |  32 134 100  21   7  81  60 149  67  49  76  68 129   2 111 116
  R6 |  89  90 151 103  38  65 133  95  70 126 136  59  55  10  84 141
  R7 | 145 112  63  64 106  74  20 119 120  33  73 128  96  35   6  40
  R8 | 107  19  72 121 104 138 152 114  97 117 156   3  82 115 137  75
  R9 |  26 135 146 142  28  87  30  36 144   1  56 140  51  53 153  98
 R10 |  78  24 143 147   9  25  61 131 113 139  12  93 127 130  13  91