     |  C1  C2  C3  C4  C5  C6  C7  C8  C9 C10 C11 C12 C13 C14 C15 C16
----------------------------------------------------------------------
  R1 | 113  11  33 130  88  13  94  37 122 134  62  95  14  45   1   2
  R2 |   6  90  68   5  39 159 138  85  53  50  12 104  92  61 129  36
  R3 | 110 139  60  10  55  42 109  18  65  43 125 142 154 127  77  96
  R4 |   9 114 144  83  71 108 120  56  16 107 111 116 152  57 121  63
  R5 | 100  40 103 136  35  82 148  23 106  93  32  17  79   7 112 135
  R6 | 105  84  27 156 155 140  52  81  64  21 133  51  49 160 126  54
  R7 |  98  25  47 123 141  19  48 157  89  86  78  91  44 118  34  73
  R8 | 128   3  58 143 149  75  31  72 145  38  76  97 115 147  99  20
  R9 | 117 101  24 124  69  67 131 146 102  66   4  70 150 119 132  41
 R10 | 137  74   8  87  46  28  59 153  29  30  26 158  15  80 151  22