     |  C1  C2  C3 C4  C5  C6  C7  C8 C9 C10 C11 C12
----------------------------------------------------
  R1 |  45 118  20 43  36  15  99  81 33  21 111  83
  R2 |  63  79 117 53 116  48  19 101 92  42  34  44
  R3 | 115   6   7 59 103  65  47  25 73  82  14  76
  R4 | 114  78  95 71  90  32  22 102 62 110  11 108
  R5 |   4  12  55 86  74  97  13  52 58  72  88  96
  R6 |  23  54  80 84  38  10 113  39 93  26  67  69
  R7 |   9  68  87 50 112 109  51  41 46  64  40  16
  R8 |  17 119  85 94   3  61  56  29 28   8 120  30
  R9 |  77 104  98 27  31  60 107  49 18  35  75   1
 R10 | 100   5 106 57  70  24 105  66 91  89   2  37