     |  C1  C2  C3  C4  C5  C6  C7  C8  C9 C10 C11 C12 C13 C14 C15 C16
----------------------------------------------------------------------
  R1 | 107  77 152  61  18 141  80  52 156  81 117 144 103  31 134 145
  R2 |  59 114  45  86  29  74  71 101  40  15 100 153 118 115 139 136
  R3 | 149  14  37  35  38  78 108   8  99  63  64  25  32  89  98  28
  R4 |  21 111  58  54 140 124 120  88  34  66  46  42  27  16   3  92
  R5 | 127  94  36 155  67 159  26  12  75  60   6  73  91  13  82 151
  R6 | 142 130  19 104  56  96 125  24   9 109  53 106  23  57  51 135
  R7 | 158  97 133 119 122  55 113   7  76 154  95  69  30  70  47  62
  R8 |  41 150 143  85   4 128 132  72 138 131  11  44 147   5 123  83
  R9 | 121 137  90  22 105 116  87  79  20  49  93  68  65  48   1  84
 R10 |  43 129 112  39 102 148 110   2 157 160  17 126  50  33  10 146