     |  C1  C2  C3  C4  C5  C6  C7  C8  C9 C10 C11 C12 C13 C14 C15 C16
----------------------------------------------------------------------
  R1 |  83 133  29  63  69  53  67  68 117  58  72 104  18 126 101  37
  R2 |  96 112  14 142 115 110  44 147  49  23  50  62 143 154  97  55
  R3 |  66  13  91 138 135  28 150   2  46   5 121  24 109  35   6  47
  R4 |  17 116  73 132 149   9  84  89 157 148  64   3 156  61 113  41
  R5 |  25  65 139 152   7 123  87  60 144  86 159  90  95  30 160  51
  R6 |  59  11  33  75 140 129 108  45  94   4  22  56  43 122  36  21
  R7 |  19 103  93  57  32  74 151  79  10 134  26 119  88  98  15 124
  R8 | 107 100  20  92  38   1  34  16  31  80  48  85 128 141  71 158
  R9 | 118  27  39 106 120  99 114 131 145  54 102 125 127 130  82  12
 R10 |  52 111 136  77 105   8  40 153 146  81  78 155  70 137  42  76