     |  C1  C2  C3  C4  C5  C6  C7 C8  C9 C10 C11 C12
-----------------------------------------------------
  R1 |  81 101 104  14  17  58  46  2  67  15  39 110
  R2 | 108  31  70 118  65  85  69 86 117  40   4  18
  R3 |  29 102  79  73  99 100  27 95 105  76  92 112
  R4 |  71  12  53 107  84  50  44 42   9  59  56 114
  R5 |  22  21  78  41  57  23 111 11 106   3  10  66
  R6 |  89  88   5  91 103  28  45 30   6   8 119  62
  R7 |  33  51  43  32  75  19 116 24  83  80  60  26
  R8 | 115  48  36  35 120  13  37 34  74  82  68  64
  R9 |   7 113  61  54  52 109  63 87  16  90  96  49
 R10 |  20  77  93  38  94  55  97 25  72  98  47   1