     |  C1  C2  C3  C4  C5  C6  C7  C8  C9 C10 C11 C12
------------------------------------------------------
  R1 |   7  19  86  13  76 114  29  27  67  92 101 102
  R2 |  61 108   6 111  74  45 118   3  53 119  91  30
  R3 |  98  81  69  46  79 105  89  95   2  99  48  70
  R4 | 100  88  75  56   4  93  90  14  49  77  35  41
  R5 |  38  32 115 109  18  73  24  78  96  34 112  23
  R6 |  52  17  28  85  63   9 103 104 117  11  21 120
  R7 |  37  31  25  43  71  55  57  54  40  64   8  62
  R8 |  60 106   5  36 116 113  72  12   1 107  65  26
  R9 |  50  39  10 110  59  16  83  97  68  80  22  87
 R10 |  42  15  51  94  47  58  66  20  44  33  84  82