     |  C1 C2  C3  C4  C5  C6  C7  C8  C9 C10 C11 C12
-----------------------------------------------------
  R1 |  87 46   9  51  73  76 112  12  13 103  24  88
  R2 | 113 60  79 109 115  86  19 104  14  63   8  36
  R3 |  52 77  58  68   1 100  71 107  41  38 118  83
  R4 |  37 33 111  96  80   5  67 108  22  65  29  31
  R5 |  66 40 119  47  50  30  94  75  48  43  15  92
  R6 |  62 42  93 105  23  18  64 106  55  17  57  99
  R7 |  56 61  26  95 116  45  39  54  74  49  53  90
  R8 | 102  7  72  21  69  20   6  28  10  44  82  70
  R9 |  98 32  97  91 101  16  27  85  25   3 114   2
 R10 |  59 89  78 110  34 120  11  81 117   4  84  35