     |  C1  C2  C3  C4  C5  C6  C7 C8  C9 C10 C11 C12
-----------------------------------------------------
  R1 |   7  75  44 111  46  93  49 70 106  80  74  42
  R2 | 115  22  52  96  68  25  47 66  31  83  73  69
  R3 |  86  41 119  78  19   8  58 43   6 108  34  76
  R4 |   9  64  65 117 107  32 109 17 113  88  89  62
  R5 | 103   5  26  21  77  29  56 24  35  16   4  18
  R6 |  23  10  53  11 120  48  55 39  84  94 102   2
  R7 |  59  40   3  51  28  57  13 92  54  30  90  87
  R8 |  36 118 110  85  72  27 116 81  37  95  61  97
  R9 |   1  12  99  71  14  82  98 79 112  15 104  45
 R10 |  60  67  91 101  33 105 114 38  20 100  50  63