     |  C1  C2  C3  C4  C5  C6  C7  C8  C9 C10 C11 C12 C13 C14 C15 C16
----------------------------------------------------------------------
  R1 |  16  84  42  15  83  91  44 111 108  96 146  33 103 106 152  81
  R2 | 149 118  80  66 148  74  75 121  58  78  85  68  89 123  20  99
  R3 |  46  73  60  76 147  48 130 124   7   6  93 125 105  97  38 155
  R4 | 114  52 135 151 145 129   8  12 150  71  51  98  49  87  35  29
  R5 |  43  45  77  18  79  92  22  39 143  65  36  88  82  72  24 110
  R6 |  27  64 144  28  56  69  21 126  40  25 113  94 157 131  59  62
  R7 |  63  34 136  61 128 158 116  26   1 127  14 139 109 119 140  86
  R8 |  47   5 156  67 112  37 138 102  31   2   9  19   4 142  41  30
  R9 |  10 115  55 159  53  57 153 154  23  90 160  54 132 122 137 141
 R10 | 120  95  50 107  32 134   3 101 100  70 117  11  17  13 133 104