     |  C1  C2  C3  C4  C5  C6  C7  C8  C9 C10 C11 C12 C13 C14 C15 C16
----------------------------------------------------------------------
  R1 |  16  24  57 104  21 117 125  71  68 159  58  12  85  92  75  13
  R2 | 139  27  43 133  56 134  33 116  20  70 101  84 127 135  96 137
  R3 | 151  36 111 156  41  38 109  59   6  62   9  10  39  87 128  66
  R4 | 140  81 155  42  23 152  40 153 103  97  65 100 148  60   3 154
  R5 | 108  29 124  61  18   8  86  48  31 132   2  67 118 119  63 114
  R6 |  15  47 113  30 144 136  95  55 105 126  26  17 102  89 141  94
  R7 | 106  72  83  11 107  37 121   5  99  77  76 143 110  82  52  54
  R8 |  32   1 146 115 147  14  34  44  22 145 149 122  35  46  45  80
  R9 |  73 157 131  88 130 138  25  79  78  98  74  90 120  69  50 123
 R10 | 158  53 112 150  49  91 160 142  51  64 129  28   7  93   4  19