     |  C1  C2  C3  C4  C5  C6  C7  C8  C9 C10 C11 C12 C13 C14 C15 C16
----------------------------------------------------------------------
  R1 |  40  38  31 106  82  76  56  13  47   9  35  96 151   5  21 117
  R2 |  62  84  94 142 154  58  73   1 148  80  93 121  92  87  37  89
  R3 |  55  60  36  63  51 115 156  64  43 149  67 145  99  75 138  78
  R4 |  20  23  30 110 101  48  26  12  18 114  27  83  44  81  97 112
  R5 | 158 125  11 134   8 127  34 146  10  28  54 129 153 143 140 155
  R6 |  72  71 157  19   3 130 100 119 123 159   6 124 107 102  95   7
  R7 | 150  59  24  86  42  66 108  90  68 105 139  39  88  33 128  70
  R8 |  85   4 126  29  52  69  57 122  46   2 160 132  17 103 104  32
  R9 |  91 152  98 144 118  74  45  53 135 133 116  25  49 109  41  50
 R10 | 141  16 111  22 136  15 113 147 120  61 137  77  14  65 131  79