     |  C1  C2  C3  C4  C5 C6  C7 C8  C9 C10 C11 C12
----------------------------------------------------
  R1 |  92   9  11  86 111 68  57  4  77  64  39   7
  R2 |  80 109 105  43  66 31  20 23  61  84  87  48
  R3 | 114 117  34  12 119 73 107 76  42  89  91  46
  R4 |  52  27  97  24  29 63 115 36  15   1  75   8
  R5 |  53 102  37 113  50 35  13 44  49  82  94 116
  R6 |  74  65 110  85 100 30  47 32  10  93  25  78
  R7 | 106  72   5  55  69 45  59 21  16  99 103 112
  R8 |  18  19  58  26  14 96 101 90 118  56  60  41
  R9 |  62  54  22  88   2 98 120 81   6  40  33  38
 R10 |   3 104 108  71  67 17  28 51  95  79  70  83