     |  C1  C2  C3  C4  C5  C6  C7  C8  C9 C10 C11 C12 C13 C14 C15 C16
----------------------------------------------------------------------
  R1 |  57  27 120 133  68 152 139 142  38   1 143  45 130  19  90  61
  R2 |  35 157  92 129   2   4  13  41  63 123  15  16 148 128  85 126
  R3 |  23 135 118  51 147  77  75  62   9  60  14  43 107  76 149 122
  R4 |  89  12  72  97 121 137 155 104 146  32  33 116 113 156 153 112
  R5 | 108  78 109  56  37   8  50  48  88 131 138  42  39  84  29  54
  R6 | 114 136  99 115 105  79  82  21   7  65 140 117 154  10  74  26
  R7 |  69  31  40  24  58  34  22 103  67  94  36 102 150  55  83  91
  R8 |  52  49 134 151  81 100  66  96   3  59  64  70  86 141  18  47
  R9 |  25  71  11  46  80 145 119  98 101 106 124 144 159  28  30 125
 R10 |  87 160 127   5   6 158  44  95 110  53 132  73  93  20 111  17