     |  C1  C2  C3  C4  C5  C6  C7  C8  C9 C10 C11 C12 C13 C14 C15 C16
----------------------------------------------------------------------
  R1 |  96 102 132  50  61  19  42  52   9  60  43 105 116 152  45  30
  R2 | 141  95  71  33  37 147 111 122 143  91  82 158  22 144 136 129
  R3 |  97  21  58  23 113 142   1   4  13  98  11  69 155  94  15  27
  R4 | 157  28 120 135  81  99 140  16 114  55 131  90  20 154 145  31
  R5 |  51  38  49  48  83  85  79 123  93  12 137   2  29  54   6 103
  R6 | 125  53  87  47 146  36  32  76  68 128  77  40 151 149 134  80
  R7 | 118 106  44  14  66  86 127  63  17  59 153  57  70 112  89 107
  R8 |  25 109   3 124  62 104 138 108  24 160  35 126 150  67  18 148
  R9 | 110  75  64   5   8  92 159  34  56  88 156 130  78 139  41  73
 R10 |  46  26  74   7 117  10 115  84 101 100 133 119  72  39  65 121