     |  C1  C2  C3  C4  C5  C6  C7  C8  C9 C10 C11 C12 C13 C14 C15 C16
----------------------------------------------------------------------
  R1 | 133  70 135 105  64 146  78  46  34 137 132 104  28  86  42 101
  R2 | 152  30 143 114 117  99 153  21 131  68  13  54   6   9 155 128
  R3 | 111  66  27  38  37  40   7  45 102 109  44 129  77 121 158 123
  R4 |  48  11 124  63 127  17 120 150  25  79 119 159 142  12 113  24
  R5 |  84 157 112 116  15  35 130 108 107 122 154  47  62  92  91 145
  R6 | 151  90 110  88  94  69   1  73 134  52 125 118  95  87  98  75
  R7 |  14  82 141   2 140  41  59  22 106 160  33  89  18  39  60  76
  R8 |  97  61 136  19 115  55  72  67  71  10  56 149 138  80   3  57
  R9 |  31 103  81  29  43  65 100  16  85  32   5  49  93 144  96 126
 R10 |  53   4  36  74  23  26  51 148  20  50 139  83   8 147 156  58