     |  C1 C2  C3 C4  C5  C6  C7  C8 C9 C10 C11 C12
---------------------------------------------------
  R1 |  61 79  49 47 119  65 104 114 24 120  78  31
  R2 |   4 96  80 10  26   6  93  72 27  85 109  53
  R3 |  92 66  11 83 116 108   3  19 23 115  84  67
  R4 |  32 41  89 43  18  21  40 101 22 113 105  25
  R5 | 112 74  73 50  16   9  94  68 62  44  98  39
  R6 | 118 13 103 77  90 100  28   8  5  52  59  33
  R7 |   7  1  82 55 106  58  71  29 36  35   2  95
  R8 |  56 57  20 63  75  87  97 117 51  99 110  86
  R9 |  37 17  46 69  91  88  76 107 34 102  45  30
 R10 |  15 42  70 14  12  81  38  60 64 111  54  48