     |  C1  C2  C3  C4  C5  C6  C7  C8  C9 C10 C11 C12
------------------------------------------------------
  R1 |  83   1  12   9  58  89  29  82  70  41  92  84
  R2 | 119  97  71 100  76  93  50 116  15   3  18 109
  R3 | 118  74  21  94  23 106  14  56 115  16  68  78
  R4 |  36  69  33 120  63  26   5  24  87 105  48  47
  R5 |  65   2  43  40 110  54  99  77  95  75 117  39
  R6 |  55  61 108  27  91   7 103  96  90  79  52  46
  R7 |  13 104  85  98  31  66 114  32  45 111  81  37
  R8 |  59 101  44  73   4  57  80  60   8  35  49  10
  R9 |  42  64  67 107  62  38 112  25  34  11  72  30
 R10 |  28  20  22 102   6 113  88  19  86  53  51  17