     |  C1  C2  C3  C4  C5  C6 C7  C8  C9 C10 C11 C12
-----------------------------------------------------
  R1 |  28  93  14  77  72  19 26  51  62  60  58  46
  R2 |  44 118  43  59 113 114 55  80  71 120  89  31
  R3 | 110  27  15  17  78  68 92  70  75  32  57 111
  R4 |  48  29  11  85  67  99 91 116  79 109  47  82
  R5 |  73  56   2  96 105  23 94  33  84  98  45  38
  R6 | 106  10  13  24  50  54 35  90   7  20 104   1
  R7 |  88 107 100  74  81  61 21  22  37  69 108  87
  R8 | 112   4  83  63  49  53  6  52 115   5  65   9
  R9 |  76  42   8  16  97  12 66  34  64 119  18   3
 R10 |  40 101  41 103 102  95 25  30 117  86  39  36