     |  C1  C2  C3  C4  C5  C6  C7  C8  C9 C10 C11 C12 C13 C14 C15 C16
----------------------------------------------------------------------
  R1 |   3 112  45 152  30  54 157  13  16  79  62  68  46  65  11  25
  R2 | 123 132 159  83 127  38  72  71  61  60  21  95 149 100  24  93
  R3 | 106 102 114 136  85 158 134  90 145  37  80  96  29 115  40   6
  R4 |  26 129  87 122  64 119   5  55   9  28 146 113  84  99   1  66
  R5 | 108  20 128  74  73  27  98 154  31 138  52  32 125 121  67 141
  R6 |  82  34 120 116 133 130  92  51  36 131  48  19  91  53 156  58
  R7 |  97  33  69  75  12  42  86 153  18  94 124 160 142 148 140  63
  R8 |  78 144 104  44 150 155 103 111  50 101  81   2 126  88  10 151
  R9 |  35  47 117  49  41  22 110  70 135  89  23 105 139  43  59   8
 R10 |  57  56 107  17 147   4  77  14 143 118  39  76   7  15 137 109