     |  C1  C2  C3  C4 C5  C6 C7  C8  C9 C10 C11 C12
----------------------------------------------------
  R1 | 107  58  62  65 39  19 75 117  51 118  43  17
  R2 |  73 115 120  13 23  59 89  54  81  20  49 111
  R3 |  53  30 116  69 44  76 34  22 100  88  38  96
  R4 | 108  79  35   8 42   4 74  31   7  16  52  29
  R5 |  91  94  24  18 86 104  3  68  41  45  27  48
  R6 |  26  87 119  33 11  71 57 109  56 113  50  99
  R7 |  28 101  66 112 47 110 55  70  85  46   6  21
  R8 |  14  32  67   2 82   1 15  95  93  25  10   5
  R9 |  78 103   9  72 12  90 61 105  37  84 106 114
 R10 |  64  36  40  63 83  77 98 102  80  97  92  60