     |  C1  C2  C3  C4  C5  C6  C7  C8  C9 C10 C11 C12 C13 C14 C15 C16
----------------------------------------------------------------------
  R1 |  78   7  59  23  29  51  60  15  89 153  26   1  72 159  79  10
  R2 |  16  53  71  35  87 160 109  85  38 106  50  86 117  77 114 134
  R3 | 127 139 130 123  22  63 124  56 142  39 100  13 129 155 111 110
  R4 |   3  92 149   8   5 128 103  54  45  96  32  37  99  75  30  76
  R5 |  58 156  57  33  74  17  69   9  90 116  42   2 104  81 118  97
  R6 |  48  28  40 107  43 126 143 113  95  66 147 121 138 148  68 140
  R7 | 119  55 125 115  20 150 157  36  88 132  21 120  73  25   6  46
  R8 |  47 101  91  18 158  93 136 145 141  82 152  11  61  19  31  41
  R9 |  84  70 112  64 135  12 108 105 154  65  14  44  34  98  80  49
 R10 |  94 131 102 137 133 146  52  67 151  62  24 144 122  27  83   4