     |  C1  C2  C3  C4  C5  C6  C7  C8  C9 C10 C11 C12 C13 C14 C15 C16
----------------------------------------------------------------------
  R1 |  29 150 134   1 138   3 135  94 116  12 160 132  53  77  64  19
  R2 |  34  52 133  48  87  60  44 119 123  32  70  66  45  54 149  27
  R3 | 147  24 105 128 125 117 158  46  38 121  81  69 101  96 107 137
  R4 | 118  72  13  73  97 145 127  10 153  79  65   5 157  78  84  23
  R5 | 102 156  41  91  25  37  56  89  92  40 108  16  88 122 115  21
  R6 | 139 151 141 110  83 131  35 144  31  20  99  86  30   7 103 126
  R7 |  63 152 129  75  51  68 142  74  50  85 114  47 111   8 124   2
  R8 | 140 109  17  76 112  95 106  82  42  28 155  90  59   6 146 154
  R9 |  49 113  62  58 100  61  57 143  15  98  67  36  22 104  43  18
 R10 |  55 136 159 148   9  39  14  93 130  80  11  71 120  33  26   4