     |  C1  C2  C3  C4  C5  C6  C7  C8 C9 C10 C11 C12
-----------------------------------------------------
  R1 | 111  68 117  96 120  35   3  23  8 106  25  99
  R2 |  42  85 100 105  21  44  10  65 61  77 115  31
  R3 |  33   7  45  84  70  62  29  43 51 116  63  32
  R4 |  26  28  12  82 104  27  93 118 81  88  66  80
  R5 |  64  72 119 103  11  38  92   4 79  73  46  40
  R6 |  30 109   2   1  36  90  59  97 15  17  86  75
  R7 |  53  76  20  71  14  98 107 112 39  74  57  13
  R8 |  87 113  83 101  34 110   5  22 55  54  60  91
  R9 | 102  48  56  49  95  47  52  19 78  18  67 108
 R10 |  37   9  58  50  41  24 114  69 16  89   6  94