     |  C1  C2  C3  C4  C5  C6  C7  C8  C9 C10 C11 C12 C13 C14 C15 C16
----------------------------------------------------------------------
  R1 |  15  18 111 135 129   7  97  80 116 126  16 142  66 143 100  62
  R2 | 122 130 131 138  13  57  39  35  93  47  17  23 104  50  20  43
  R3 | 118  44 114  48  49 153  42  91   9  75  24 152  65 146 121  14
  R4 |  69  73  61 148  90 151 144  54  28  58 113  76  51  26  59   3
  R5 | 112  52  55 110 155  83 147  70 123  34  12  79  38  64 149  95
  R6 | 107 120  94 102  40   4 159 141  99  10  37 158  53 154   8 139
  R7 | 105  46 106  11 132  33   1 128 136  89 150 156  30 101  45 160
  R8 | 140  84  36  77  71   6  74 125  25  82  96  31  78  72 117 127
  R9 |   2  22  29 115  60  21   5  68 109 145  27  19  56  88 134 124
 R10 |  98  86 108  87 103 137  41  81 157  32 133  63  92  67  85 119