     |  C1  C2  C3  C4  C5  C6  C7  C8  C9 C10 C11 C12
------------------------------------------------------
  R1 | 100 113  24  36  97  51  61 111  45  74  83   9
  R2 |  72 112  68  79  73  92  58  52  47   2  38  35
  R3 |  23  62  84  65  71   3   7  76 117  20  89 109
  R4 |  34  81 120  60 108  12 118 119  57  63  98  56
  R5 |  90  75  54  39  13 104   5  43 114  46 116  91
  R6 |  94  32 107 110  59  87  49  21  64   1 115  69
  R7 |  99  37  28  50  16  30  80  31 105  86  88  78
  R8 | 106   4  96  33  82  41  42  22  14  18   8  70
  R9 |  48  19  66  26  10 102  11  44   6  27  93 101
 R10 |  40  25  15  55 103  53  67  95  77  85  29  17