     |  C1  C2  C3  C4  C5  C6  C7  C8  C9 C10 C11 C12 C13 C14 C15 C16
----------------------------------------------------------------------
  R1 |  19  78  79   4  76  63  41  89  45 159  56  90  70 145 133  26
  R2 | 146  71 138  35   7 157 110  74 129  43  31  82  37  46  72  21
  R3 | 131  10 111  52  80 117  48  91  32 121  73   2 158  61   1 136
  R4 | 160  38 148  15 155  53  60  42  86 143 124  67 100  85  77   3
  R5 | 104 106  47 107 122  33 128 115  51  18  55 154  49  54 139  50
  R6 |   6  64  22 151  30 142  57 116  75  94  29   8 125 150  95  92
  R7 | 126  14 149  93 118 132  12   5 130  88 147  27 156  34 127  28
  R8 |  84  25  17  62  40 102  96  16  83 134  65  20 119  68 113  58
  R9 | 108 109 140 135   9  39  11 105 112 153  44 141  97  59  99 123
 R10 |  69 103  24 152  98  66 101  36 120  13 114  87  81  23 137 144