     |  C1  C2  C3  C4  C5  C6  C7  C8  C9 C10 C11 C12
------------------------------------------------------
  R1 |  50  66   5  17  42  22  56  44  36  97  39  96
  R2 |  78 112  68 117 104  33  81  28 114  16  69  32
  R3 | 113 101  95  59  34  75  47  90 116  40  37   8
  R4 |  12 100 106  72  67  89  23  98  19   7  48  60
  R5 |  62  55  18   4  82  35  53 120  74   9  88  93
  R6 |  20  73 108 118  70  10  99 119  65  26 105  71
  R7 |  43  84  38   6 110  52  11  77  54  85  45  13
  R8 |  86  41  15   2 107  46 102  57  51 109  21   3
  R9 |  91 111  58   1  63 103  64  76  83  80  92  24
 R10 |  30  87  31  94  79  14 115  25  29  61  49  27