     |  C1  C2  C3  C4  C5  C6  C7  C8  C9 C10 C11 C12 C13 C14 C15 C16
----------------------------------------------------------------------
  R1 | 117 154  57  24 119  59 130 131  32 157  25 160 149  72  62   9
  R2 |  13  75  82 109  78 125  43  27  56 123  94 113 104  10  89   7
  R3 |  55  90  14  20 105 121  83  85 134  37 110 135  70   4  71 147
  R4 |  12  15  81  48  11  76  41  77  51  47  86  68  45 126  28 148
  R5 | 127  88  44 103 153 150  84 101  99  40  69 111 140 142 158  93
  R6 |  46  60   1 141  91  61 114 143   3  33  22  73 136 115  87  92
  R7 |  66  98 108  18  17 152  26 102  64 118 112  42  54 122  58  53
  R8 |  30  16  74  80 151 138  23 129  97  65  95  79 159 100 155  31
  R9 | 116  67  21 124  29  35  34   6 133 107  19  50 146 128 145 137
 R10 | 144 120   8  49 156  38   5  52  36  96 139 106  63  39 132   2