     |  C1  C2  C3  C4  C5  C6  C7  C8  C9 C10 C11 C12 C13 C14 C15 C16
----------------------------------------------------------------------
  R1 | 136  27  15  12  58 109  30 118  37  26  76   4  84 120  35 104
  R2 | 135 149  24  46  42 132 142  36 160  56  96  88 146  95 143  78
  R3 | 159 127 102  25 123 100  69 138 140  59  20  75   8  90 108  34
  R4 |  38  53  68 112   2  29 116  89  32 130  41 119 155  64  60 122
  R5 |  92  62  70  47  94  31  85  98 133 145  87  23  50 129  18  63
  R6 | 157  17  81  82  66   6  83 126 141 152  14 117  65  99   7  91
  R7 |   3  73 137  33 154  79  39 144  22  54   5 107 110  52  16 101
  R8 |   9 150  21  11   1 106  10  19  40  77 125  51  57  67  45 115
  R9 |  74 114 148 158  80  72  28 131 134 124  97 147 151  93  86 121
 R10 | 128 139  55  48 103  13  43 113 105 111  49 153 156  71  61  44