     |  C1 C2  C3 C4  C5  C6  C7  C8  C9 C10 C11 C12
----------------------------------------------------
  R1 |  61 35  76 69  57  13  64  52  74 108 113  54
  R2 |   5 15  33 68  28  51 104 120 111  14  85  73
  R3 |  50 60 115  1  30  24  39 103  71 117 119  59
  R4 |  89 12 107 55  34  91  27  10  41 114  43  70
  R5 |  83  3 102  8  90  36  82 106 109  32  72  86
  R6 |  62 80   2 37  21  97  95  45  20  40  29  42
  R7 |  46 77  88 92  63  25  78  94  93 110  31  79
  R8 |  84 48  44 53  98 100  81  23  75  17 112   4
  R9 | 105 65  19 87 118  56  22  26  66 101 116   7
 R10 |  11 16   9 67  96  47  99  49  18   6  38  58