     | C1 C2  C3  C4  C5  C6  C7  C8  C9 C10 C11 C12
----------------------------------------------------
  R1 | 23 65 113  97  67  89   5  47  73 112  64  55
  R2 | 12 61  27  35  36 117  58 118  81  49  41  86
  R3 | 88 98  32  15 100  94  52  24  74  63  70   1
  R4 | 78 66  37  53  44  79 102  39  83  85  21  22
  R5 |  6 54 119 111  42   3 105   2 101  72  38 106
  R6 |  7 62  56  93  69  29  46  25  92  31  68 104
  R7 | 51 30  77 107  71  43  34  28  50   9 116  76
  R8 | 16 17  26  40 115  60  19  80  48  87  20  91
  R9 | 95 75  11  13 114 108 103  57 110  45 109  99
 R10 |  8 84  33  14  59  96   4  90  18  82  10 120