     |  C1  C2  C3 C4  C5  C6  C7  C8 C9 C10 C11 C12
----------------------------------------------------
  R1 |   5  93 112 99 118 120  62  74 31  33  53  51
  R2 |  49  20  25 19  94   3  67  11 91  50  83  86
  R3 |  98  10 105  8   9  29 106  38 87  34  80  95
  R4 |  72   7  97 15  16   4  81  69 17  28  63 107
  R5 |  48  68 102  2  52  92  84  45 71  44  58 117
  R6 |  64  12  22 46 115  40  14  18 65  89  78  35
  R7 |  37  61  23 88 111  26  32 119 76  70  96  54
  R8 |  47  59  56 85 103   6  82 113 27  77 108  42
  R9 | 110 116  55 57 101  13  79 109 66 100  60 114
 R10 |  21  90  24 73  30   1  39  41 36  43 104  75