     |  C1  C2  C3  C4  C5  C6  C7  C8 C9 C10 C11 C12
-----------------------------------------------------
  R1 |   6  60  26   8  45 113  66 115 19  22  18 106
  R2 | 119   5  32  86  76  75  25   3 49  80 116 110
  R3 |  58  72  16  61 100   1  74 107 14  68  47  78
  R4 |  35  57 101  10 105  13  24  53 63  51  88  69
  R5 |   9  33  50  85  43  92  82  77 34  65  64 104
  R6 |   7  36  20 111  30   4  97  73 59  93  95  84
  R7 |  89  96  62  98  38  27 109  99 83  40  17  11
  R8 | 120  48  31  90  94  23  15  55 28  79  44  87
  R9 |  41  67  91 114  81  37  42  56 46  71  54  52
 R10 | 102 117  29  39  70  21 108 103 12 118   2 112