     |  C1  C2  C3  C4  C5  C6  C7  C8  C9 C10 C11 C12 C13 C14 C15 C16
----------------------------------------------------------------------
  R1 |  43 139  86 134  64   7 110  20 140  99 107 118  16  98   2 109
  R2 |  63  42 112 124  21  18  47  19   8 153 130  88  73  85 145  28
  R3 | 157 126  39 119 137 152   1   4  60 159  87  95 103  82 136  77
  R4 |  81  83 106  14   6  78  23  27 131  53 114 127  33  36  90  84
  R5 | 138  89  92  44 100  26 121 132  48  93  94 135 149 155 151  49
  R6 |  30 158 116   9 129  32  57  51  10  17  59 104 148  72 115  62
  R7 | 113 160  91  54  25  31  46  50  29  71  70  79  22 123  61   5
  R8 |  45  97 133  67 101  74 108 141  15 147  58 128  66 102 122   3
  R9 | 117  65  38  80 154 120  55  35  68 125  12  52 144 150  24  76
 R10 | 111  40  13  11  69 146  96  37  75 143  34 105 156 142  41  56