     |  C1  C2  C3  C4  C5  C6  C7  C8  C9 C10 C11 C12 C13 C14 C15 C16
----------------------------------------------------------------------
  R1 | 129 118 100 156 138  71  11 151  63  21  61 126  28  72   4  88
  R2 | 104  58 119  35 152  95  44  18 106 112  53  83  50  96 127 111
  R3 | 150  27  47 123 108  91  24 125  39 142  90 132 107  98  14  17
  R4 |   5 137   9  32 148  42  57  62  25  55  49 113 102  99  93  46
  R5 |   1  68 105   3 141  59  13 153 155  78 149  15  80 114  74  51
  R6 | 140  84  70  73   2  65 117  67  31  37 134   6 121 130  45 145
  R7 |  26  81 101  34  10  82  52 154  12  94  20 124  22  23  43 136
  R8 | 159 116  38 122 143  86  48  36 146 109  29 160 157  30 115   7
  R9 |  76  41 135 133  54 110   8  19  64  87 139 147 103  69  16  60
 R10 |  33 128  77 131 120 158  79  85  89  40 144  97  66  75  56  92