     | C1  C2  C3  C4 C5  C6  C7  C8  C9 C10 C11 C12
----------------------------------------------------
  R1 | 73   2 104 118 47  96  35  12 117  50  98  41
  R2 | 22 114  21  80 94  54  66  83 100   1   7  39
  R3 | 91  52  69  42 20  93  62 112   5  27  51  72
  R4 | 68 120  44  25 95  75 116  85  55 108  84  18
  R5 | 70 105  59  67 37  71 119  29  78 109   9  43
  R6 | 82 110  61  26 14  19  30  65  17 106  24  45
  R7 | 23  46  90 111 74 107  31  33  99  86  97  88
  R8 | 92   6  79  81 32   3  87  10 115 102  77  56
  R9 |  8  38  36  63 57  76  13 113   4  28  60  49
 R10 | 34  58  16  48 11 103  53  15  89  64 101  40