     |  C1  C2  C3  C4  C5  C6  C7  C8  C9 C10 C11 C12 C13 C14 C15 C16
----------------------------------------------------------------------
  R1 |  19 112 142  18 151 126 155  40 105 160  25 127  89 144  79 148
  R2 | 156 146  26  64  63  48  85  94 140  17 131   1  56  10 124 128
  R3 | 159  84  58  28 152 119  87  66  62  46  34  38 138 149  13  45
  R4 |   9  82  23  22  14  68  71 158  77  97 107  83 147  31 132  37
  R5 | 133  72 118  99  33   5 153  52 122 157  74  98  55 150 101  27
  R6 |  51 130  39  30   8   2 129 106  95  54   6  12 123 136  21  53
  R7 |  60   7  49  20  41 104 102  90  75  16  35  93 114  67  43 135
  R8 |  70  88  91  65  92 108 134 113  44 154  78  29 125  61 109   3
  R9 | 121 141 100 143 103 139  11  24  47 111  15  36  57 110 137  32
 R10 | 117 145  76  59  42  86 120 115  50  80   4  69  73  96  81 116