     |  C1  C2  C3  C4  C5  C6  C7  C8  C9 C10 C11 C12
------------------------------------------------------
  R1 |  52  15  17  42   7  14 118  68  24  28  64  93
  R2 | 107   9  19  62  70  33  40 120  21   8  46  25
  R3 |  45  50  36  32  29  31  66  90  37  77  39  12
  R4 |  58  81   1  87  80  48  92  89 110  95  20 112
  R5 |  44  47  23  41  65  88 119  74  75 117   5  54
  R6 |  38  84 106 105  82   3 111  55   2  69  61  13
  R7 |  91  59  51  11 100  72  35 109 101  57  60  96
  R8 |  43  97  83  79  34  26 114  71  67  94  18  99
  R9 | 102  49 115 113  10 108  16  85  63  98 103   4
 R10 |  73 116  30  56   6  78 104  27  22  53  86  76