     |  C1  C2 C3  C4  C5 C6  C7  C8  C9 C10 C11 C12
----------------------------------------------------
  R1 | 106  98 49 119  54 69  64  76  16 102  78  61
  R2 |  87 116 59  70  52 26  73  55  11  35  40   4
  R3 |  57  42 46 108  36 94 109  34  93  48  53  30
  R4 |  32 111  8  50  37 58  24  83  14  77   9 113
  R5 |  27  28 38  68 100 43  45 120  95   5 114  18
  R6 | 118  21  1 112  47 89 115  82  25  60   6  56
  R7 |  86  41 74  31  72 91   2 101 107  99  75  10
  R8 |  92  96 22 110  63 80  51  88  33  67  90 105
  R9 |  85  44 12  13  17 84  81   7  65  23 117  62
 R10 | 104  66  3  71  29 79  39  97  15  20  19 103