     |  C1  C2  C3  C4  C5  C6  C7  C8  C9 C10 C11 C12
------------------------------------------------------
  R1 | 109  27  40  41  90  37  46  78  83  88  98  60
  R2 |   8  47  61  72  19  33  95   3  34  99  23  79
  R3 |   9  73 116  55  71 117  82 112  87  22  24  13
  R4 |  18  49  74  64  58  53  70  54   6  50  14  68
  R5 |  63  30  45 115  44  52  85  43  84 114 101  42
  R6 |  15  31  25  65  36  38  56  48 100  20   2  94
  R7 |  97   1  51  67  39  69 103 111  57 119 106 118
  R8 |  35 108  32 102  16  17   4  80  21 104  12 110
  R9 |  77  62 120  28   7  93  26  75  11  10  29  92
 R10 |  86  91  81 107 105   5  76  96  59  66  89 113