     |  C1  C2  C3  C4  C5  C6  C7  C8  C9 C10 C11 C12 C13 C14 C15 C16
----------------------------------------------------------------------
  R1 |  86  72 137  77  45 145 138  64  33 140 113 146  90 105 110 160
  R2 |  93 123  35  65 133 111  80 109  96  21  59   2  34  88   4 153
  R3 | 126  12  57 129  25 118 103  66  74 100 106 147 143  60   5  10
  R4 | 115  26  51  42  84  53 154  52 159 120 121  71   9  95  58 142
  R5 |  41 131  79  89 130  28  36  61 114  50 144  73  37  29  47 134
  R6 |  94  55 104  56 155  27 148  20  46 135  18   6  40  43 108  70
  R7 |   3  82  78 132  69 152  44  13  99  62  68 128 124  85  32 149
  R8 |  24  54   8 101  48  14  38  31  16  76   1  19  91 117 107  81
  R9 |  98 102 139  87  11  67  15 157  30  83 122 150 116  63 136   7
 R10 | 119  17 127 156  49 125 158 112  23 141  22  92  75  97  39 151