     |  C1  C2  C3  C4  C5  C6  C7  C8  C9 C10 C11 C12 C13 C14 C15 C16
----------------------------------------------------------------------
  R1 |  99  70 143 111  98 134  68  38  18 106  76  42 103  97  15  74
  R2 |  59  82  39  77  50 133  73 153  28  52  92 116  46  25  45 115
  R3 | 126  12  94 107 119  96  56 108  64 144   6 122  40  51 101  83
  R4 | 100 159  69 110  93  26  21  66 142  67  81  31 130 146 121  60
  R5 |  86  14 158  24 148  55 125  33 109  34  11 149  63  53  65  17
  R6 |   1  37  22   4  87 147 132 154 114  27 152 102   8 127  62 137
  R7 |  10 113   5  80  16  88  23  95 160 129 138  20 141  84  78  32
  R8 | 155  49 123   9 124 118  79  13  36  90  89  75  30 156  19 117
  R9 |  61  85 150 105  44  47 145  41   3  35  71 139 136 131   7 135
 R10 |  91 140 151  43 157   2 120 112  72  48  54 104  29 128  57  58