     |  C1  C2  C3  C4  C5  C6  C7  C8  C9 C10 C11 C12
------------------------------------------------------
  R1 |  40  96  47   2 106  27  87  86  83  54 100  78
  R2 |  52 110  30 109  32  69  56   4  33  59 120  74
  R3 |  85  71  81  97  68  72  10  73  61  31  22 108
  R4 | 102 117  38  65  12 116  50  36  19 103  66  43
  R5 |  35  14  16 118  88  64  48  55  21  11  77  13
  R6 |  28  93  98  53  18  67 113  63  92  90   7  49
  R7 | 115  51  70  25  20 112  39 114 104  44  95  75
  R8 | 119  41 105  29  80  37  60  79  62   1   6   5
  R9 |  82  17   8  26  57  23  94  15 107   9  91  24
 R10 |  89  42 111   3  34  58 101  46  45  76  99  84