     |  C1  C2  C3  C4  C5  C6  C7  C8  C9 C10 C11 C12 C13 C14 C15 C16
----------------------------------------------------------------------
  R1 |  84 127 110 100  30  21  44  92  42 152  10  65  75   8 148  40
  R2 | 122  56 125  70  74  26  37   1 124  15 101  95 126 159  99 142
  R3 |  88 120   2 143  68  85  11 117  25 160  35 115   9 133 132  24
  R4 |   7 140  72 131  86 157  62  59 138 153 123 141  32 149 105  41
  R5 |  97  13  19  50 128 116  47 156  89  45  94 155 139   3 151  17
  R6 |  61 137  20   5  58  87 114   6  27 135 121  98  60 107  54  82
  R7 |  53  67  83  77 111  69  79  16  76  55  90 102  96  63 134  46
  R8 | 113  29  81 158  57  52 129   4 106 108 109  22 112  64 145  78
  R9 |  48  93  31 104  43  80  91 103 144 136  14 119  28  36  18  73
 R10 |  49 118  33  71  51  38 154  12  34  39 146 147  66 150 130  23