     |  C1  C2  C3 C4  C5  C6  C7  C8  C9 C10 C11 C12
-----------------------------------------------------
  R1 | 105  25  58 13  82  81  57  99  75  40  45  98
  R2 |  15  43   2 50  66  38  93  47  39 115  56  60
  R3 |  36  37  10 11  74 103   8 102  90  61  85  69
  R4 |  89  55  12 27  91 100  79   9   4 118  65  46
  R5 |  18 120  14 22  87  44  42  35  28  32 112  53
  R6 |  92 117 114 76 111  63 108  33 119  20  71  54
  R7 | 110  62 113 97 104  86  30  29  23 116  83  64
  R8 | 101  73  96 17  67   7  16  95  94   5  52  77
  R9 |  41   6  88 26  19 107  72  84  80  51  68   3
 R10 |   1  48 109 24  78  31 106  49  59  21  34  70