     |  C1  C2 C3  C4  C5  C6  C7  C8  C9 C10 C11 C12
-----------------------------------------------------
  R1 | 101  17 90  35  55   2  37 120 112  15  94 103
  R2 |  16   5 62  46  14 108 104   1  48  63  45 100
  R3 |  81   8 52  65  77 106  13  98  66  82  71   6
  R4 |  38  18 58 105  25  10  61  32  89  49  99  72
  R5 |   7  73 97  87  75 117  26  24  42  43  29  59
  R6 | 114  40 74 113 107   9  19  88   4  44  23  51
  R7 |  54  70 11 118  20  22  69  78  31  47  64  95
  R8 | 102  85 68 119  79  83  57  96  28  76  80  12
  R9 |  91 111 56  33 116  34  30  50   3  60 109 115
 R10 |  27  36 93  92  67  86  84  21  41 110  39  53