     |  C1 C2  C3  C4  C5  C6  C7  C8  C9 C10 C11 C12
-----------------------------------------------------
  R1 |  39  7  54  48 102  53  40  86  87 113  76 112
  R2 |  69 67  63   4  11 106  71   1  99  60   9  45
  R3 |  50 28  20  77  52  92  89 105   3  61  79 116
  R4 | 101 10 100  19  42  56  98  23  90 103 107  18
  R5 |  94 74  93  13  27  91 108   6 111 120  84  35
  R6 |  22 33  70  44 118  82  36  85  68   5  73  17
  R7 |  88 83  95  34  43 114  29  41 104  96  25  62
  R8 |  30 47  72 117   2 109  32  66  55  21   8  31
  R9 | 110 16  26  51  75 115  49 119  12  15  58  97
 R10 |  65 64  14  57  24  59  46  81  38  37  80  78