     |  C1  C2  C3  C4  C5  C6  C7  C8  C9 C10 C11 C12 C13 C14 C15 C16
----------------------------------------------------------------------
  R1 | 108  88  56 115 101 117 156  55 146  17 106 102  36 153  61 145
  R2 | 104  60 141 142 113  51  91 136  21  96   9 119  27  40 120  64
  R3 |  87 129   6  90 133 149  10  45  23 135  53 107 131  82  74  63
  R4 | 157 159 116  79  15 123  31 151  69  67 100  38  14  59  78 124
  R5 |  26  99 118  81  32 121  30 155  47  48  57   4  20  49  92  71
  R6 |  89 125 105  98  25  83  24 134  35 139   1   3  37 122  65 152
  R7 |  66 112  19 111 143  62  43  41  44   5  93  42  77  28  39  16
  R8 | 160  11 132 127  80  46   8 130 147  70  95 154  54  85 144 109
  R9 |  86  52  76  75 158  68   7  97 126 148  29  72  34  18   2 103
 R10 | 137  22  33  94 138 150  58  84 114 128  73  13 140 110  50  12