     |  C1  C2 C3  C4  C5  C6  C7  C8  C9 C10 C11 C12
-----------------------------------------------------
  R1 |  97  87 14  51  61   8  81  54  89 114  56  63
  R2 |  80  10 83  21 111  69  46  58  78  25  11  12
  R3 |  73 120 66  68  20  37  49  22  72  19 110 105
  R4 | 116   1 85  74  93  43  47  48  70  39  76  36
  R5 |  27  77 52  33  94  60  88  28  64 115  34   4
  R6 |  96  24  2   6  40 103  50  16  42  79  41  84
  R7 |  35  65  3  59  98   7 104  18  57 108  99 100
  R8 |   9 107 55  82 101  23  38 106  15 102  32  90
  R9 |  62   5 91 109  67 118  71  29  86  95  26  45
 R10 | 119 117 44  92  30  31  13  75 113  53 112  17