     |  C1  C2  C3  C4  C5 C6  C7  C8  C9 C10 C11 C12
-----------------------------------------------------
  R1 |  90   4 113  89  82 29  25   9  52 116  96  23
  R2 |   5  84  53  80  50 10 100 102  83 110 120   7
  R3 |  97  39  94   8  76 43 103  99 117  44  70  95
  R4 |  85  58  57 112 104 61  78  73   1  13  18  15
  R5 |  81 107 119 118  22 30  26 115 101  63  49  47
  R6 |  34  67  60  71 109 68   3  19  27  59  40  11
  R7 |  31  28  65  69  37  6  75  87 106 111  66  41
  R8 |  92  17 108  16  74 36  55 105  42  72  64  45
  R9 |  88  54  32  38  98 86  51  35  14  77  56  20
 R10 | 114   2  93  12  24 79  48  46  21  62  91  33