     |  C1  C2  C3  C4  C5  C6  C7  C8  C9 C10 C11 C12 C13 C14 C15 C16
----------------------------------------------------------------------
  R1 | 115  77  73 150 159 108  99 133  78  84  26 100  93   3 142 156
  R2 |  59  33  56  58 106  15  44 110  50   2  49 111 132  28 128 153
  R3 |  23  46 109  42 119  72  66  20 105  38 148 127 107  24  81  85
  R4 |  40 157  57  13  71 138  52  70 114  19  37  43  47 147  82 136
  R5 |  63 160  22  21  86  74  51 116  91  12 152  34 112  96 151  16
  R6 | 123  62  76 122  61  10  54 124  89  90 154   8  80   9 135  87
  R7 | 130  45  32  83  95  41 125  94  35  31 137 140  79  11 145  39
  R8 |  53  14 113  92 155 117  97 126  27 139 102 134   6 131 104 101
  R9 |   5  98 146  69  29  75  25  68 141  30  64  88 121 103 158 118
 R10 |  48  60   4 144   1  65 129  67 143  18 149   7  17  55  36 120