     | C1  C2  C3  C4  C5  C6  C7  C8  C9 C10 C11 C12
-----------------------------------------------------
  R1 | 67  82  14  54   1  78  29  42  97 108  20  45
  R2 | 36 113  83 116  80  22  72   8  98 112 103  88
  R3 | 32  76 107  25 104 115 100 117 118  40  85  50
  R4 | 38   2  64  11  55  34  43  21  68  19  62  71
  R5 |  3 102 114 109  58  35   5   4  79  15 105  52
  R6 | 70  26  81  99  13  41  30  90  28  61  47  89
  R7 | 73  59   9  23  27  87  37  93  24  74  69  65
  R8 | 91  48  17  92  53 119  18  96  77   6 101  46
  R9 | 44  31  39   7  66  63 111  56  49  86  60 106
 R10 | 84  51  75  95  16  10 110  12  57 120  94  33