     |  C1  C2  C3  C4  C5  C6  C7  C8  C9 C10 C11 C12 C13 C14 C15 C16
----------------------------------------------------------------------
  R1 | 132 159   4  48  78 136 114  18  99  94  20   6   2 141  14 155
  R2 |  86 108  85   7  55 131  10 143  38   9 117  30  26  15  56  90
  R3 | 127  59 125  61  97  21  84 106 140  91 101  41 152  72  45 124
  R4 | 135  49  36 115  27 142 150  35  12  25  24  60 139 112  29 116
  R5 |  89 130  34  74  13 121 151  44  23  47 148   5  17 147 145  28
  R6 | 122  11  77 105  52 144  58  39  64 123  82  96 158  87 146  16
  R7 |  46 129  53 103 134  62  93 128  40  76 133   8  70  69  54   1
  R8 |  57  71  68   3  83  33 102  95 156 100  63  80 126  88  32 120
  R9 | 104 119 137  65  67  37 107  79 109 153  31 154  50 118  42  19
 R10 | 113  66 149  98  43  73 110  22 160 111  92  81 138 157  51  75