     |  C1  C2  C3  C4  C5  C6 C7  C8  C9 C10 C11 C12
-----------------------------------------------------
  R1 |  67  87  71  70  69   5 13  33  81  26  73   8
  R2 |  64  50 100  55  41  37  9  10  48  96 106  49
  R3 |  25  27  61  12  36  82 62  31  92  89  29  54
  R4 |  83 116  34 111  52  74 46  22  99  24  75  91
  R5 | 114 105  32  72  19  88 39  95  80  42  59 119
  R6 |  98  28  86  20  94  14 45  90 113  35  44  47
  R7 |  85  63  93 104 110  77  7  51  56  84 120  30
  R8 |  11 102  23 109  79  58 17  60  68  66  18   6
  R9 |  43  16   1 103 108 112 21 118  78  53 117  65
 R10 | 101  15 115  38  57  76  4 107   3  97  40   2