     |  C1  C2  C3  C4  C5  C6  C7  C8  C9 C10 C11 C12 C13 C14 C15 C16
----------------------------------------------------------------------
  R1 |  80  20 147 156  10   9 101   1  97 141 117  60 138  32  29 145
  R2 | 133  79 134 144 140 127  21  46 104 146  44  63 139  52  13  28
  R3 |   3 109  42  86 155  23 151  11 112  45  58  59  77  55 142 118
  R4 | 153 136 122  27 124  76  40  96  89  62 154  93  30  35  39  12
  R5 | 160 107  50 105 143  74  22  18  70 119  72  87  64  69  33  78
  R6 |  57 159 116   2  82  24  83 120  81   8  85 110  61  36   6  25
  R7 | 128 131  51  98 108 157  26 111  66 125 152  34  68 150   4 158
  R8 |  15  49  67   7  84 135 132 102  38 114  43  53 130 121  65  19
  R9 |  48  94  91 115  90  92  56  31  41 103 129 100  88 123  73 148
 R10 |  54  17 113  37 137  75 126  99 149  16  71  47   5 106  14  95