     |  C1  C2  C3  C4  C5  C6  C7  C8  C9 C10 C11 C12 C13 C14 C15 C16
----------------------------------------------------------------------
  R1 |  57 142 108 154  84  81 110  47   5   9 103  51  90  35 134  56
  R2 |  39   7 126 102  31  58  49  30  65 104  82  85  63  83 125  38
  R3 |  15 114 111  96 100 113  16 101  67  54 118  68  18  76  36  62
  R4 |  17 155  40 105  91  66 138  44 159  60  10  20  21 129  45 107
  R5 |   1  98  88   3  14 116 158  25 109  23  72  86  74  52  29 120
  R6 |  24 117 131 151 119  43  75  89  19  48 147  73 132  33 128  22
  R7 | 150  80 106 140 136 115   4 149  34 143 137  70  11  59  92 152
  R8 |  37  13 156  12  50 133 124  41 122  27  46 130 160   6  97  78
  R9 | 144 148  99 141 157 135  42  26 121 146  94  28   8  32 145  71
 R10 |  55  53   2  64 153 123 112  61  93  69  77  87  95  79 139 127