     |  C1  C2  C3  C4  C5  C6  C7  C8  C9 C10 C11 C12 C13 C14 C15 C16
----------------------------------------------------------------------
  R1 |  18 145  62  38  91  70  42  63 106  81  80  15 104 147  68 156
  R2 | 109 121  52 154  57 159  23  85   4  58 152  92  19  84  35  31
  R3 |  17 134  24  61 139  25 105 123 138  86 158 129  87  26   8 150
  R4 | 111  29  47   3   2 101  20  97  10  67 108  14  78 142  59 120
  R5 |  66  50  74 122  65 118 110  60  41  34  82 100  64  36  30  83
  R6 |   7  88  93  69  33  55 127  28 125 144  98 112 126 107  56 119
  R7 | 151   1  27 149  89   9 160  72 146 103  96  44  37  54  22  40
  R8 | 128  51 130  77 115  76  71  90  94  95  99 117 102  43 157 143
  R9 |  39 113  13  12  79 140  21  53 137 141 124  48 155  11 135 153
 R10 | 116   6 131  73 133  45  16   5  75 132  32 136 114  49  46 148