     |  C1  C2  C3  C4  C5  C6  C7  C8  C9 C10 C11 C12 C13 C14 C15 C16
----------------------------------------------------------------------
  R1 |  52  62  50 123 122  38 139  40  59   3  87 149  35  28  27  55
  R2 |  77  23   5   8 126  19  94 127 114  91 103  47  61  95  20 157
  R3 | 102  72  83 121 137   1 154  56  10  22 113  78  43  30   6  58
  R4 | 119  70 131 155  71  60  69 143  76 145 104  29  48  82 136   2
  R5 |  65 109 128  99  66  44  36  89  41  18 135  33  64 152 101  25
  R6 | 132  51  53  57 146  96  14  39 134  85  16 125   4  42  26  12
  R7 | 159  24 129 147 156 100  98 142 111  34  37   7  15 158  79 148
  R8 |  93 110 118  90 141  86 150  75 140 106  68  81  45  54 138 112
  R9 |  63   9  32  17  88 153  46  13  74 124 130  80  67  49 117 116
 R10 | 120 144 151  21  11 133  31 107 108 115  84  73  92 105  97 160