     |  C1  C2  C3  C4  C5  C6  C7  C8  C9 C10 C11 C12 C13 C14 C15 C16
----------------------------------------------------------------------
  R1 |  48   3  94 113 147 124  99 144  13  30  25 128  28 115   9 136
  R2 |  77 129 125  37  95 131  26  12  15  35  93  14 109 139   8 160
  R3 |   5 140 149  54  65  57 103  38 132 127 120  36  69 104 105 116
  R4 |  70  24  45  22  27 151  97  90  76 122  92 158 135 102  17 133
  R5 | 101 114  73  56  33  31  44  23  47  86 123  82 153  11 118 150
  R6 |  43  66  49 155 145 121  75  89  74  84  51  60  88  40 119 111
  R7 |  64  68 159  32 130  87 110 112  29 126  34  42 106   7 142 100
  R8 |  79   4  62  10 117  21  63 108  50  53  91  96  80 154  61  39
  R9 |  19   6 143  18  20 107 157  46  41  16  85  98 152  81 156 138
 R10 |  78  67  58  71  83  55 134  59  52 137  72 146   1 141 148   2