     |  C1  C2  C3  C4  C5  C6  C7  C8  C9 C10 C11 C12 C13 C14 C15 C16
----------------------------------------------------------------------
  R1 | 101 139  68  98  43  99  21  80  45  11   7  27  63 137 135  50
  R2 | 148   8  10   4  52  56  71  37 106 111  75 126 145  33 123  77
  R3 |  47 113  97  61  30 119  88  26  57 110   1  73 121  91 109  78
  R4 |  40 153 143 156  54 104 115  49  34  69 140   6 127 147 116   3
  R5 | 155  84 141 134  16 146   5  17 122  94 129  81  90 120  12 151
  R6 | 159  65 114  19  92 108 150  22  23 157  38  89  83 107 132  96
  R7 |  46  44 105  51 133  32  85 130  60  53   2  74  20  59 125 138
  R8 |  24  39  55 160 118 131  76  62 136  35 117  36 128  58  79  66
  R9 | 154  67  82 112 149  31  14  41 103 158  70 144  18  28 152   9
 R10 | 100  42 124  95  48  64  93 102  15  86  72  87 142  13  25  29