     |  C1  C2  C3  C4  C5  C6  C7  C8  C9 C10 C11 C12 C13 C14 C15 C16
----------------------------------------------------------------------
  R1 |  25  63 125 139  66  49 131  53 150  38 153  48 108 133  32  75
  R2 |  56  21  64   3  30  65  29  45  27 127  72 115  68  98  46 121
  R3 | 120  82  15  69  99 160   6  43  91  96  54  84  41 101 100  20
  R4 | 155  79 110  58  44  77 136   1  28  47  16  90  86  59  52   8
  R5 | 134  67 149  26  57   2 130 104 137  93 154  71   5  33  60  89
  R6 |  36  74 151 113   4  73 159 146 156 152 157  61  11 102 132 122
  R7 |  10  80  31 116 138 106  12  50  76 112 107  22  94 147  17  42
  R8 |  39 144 105 103 143 126  92 140  70 109 124 117 148 128  78  55
  R9 |  13  24 111   7  97  81  37  51   9  18 158 118  95  34 142  62
 R10 | 119  87 123 129  40  83  88  35 145  23 141  19 114  85 135  14