     |  C1  C2  C3  C4  C5  C6  C7  C8  C9 C10 C11 C12 C13 C14 C15 C16
----------------------------------------------------------------------
  R1 |  16 132 142  14  39  88 159  10   9  48 139 156  71 123  28 100
  R2 |  73  30  80  26  64   2  24  15  13 122 130 143 125 151  68 149
  R3 |  51 111 137 148 141  74  94  32  50 146  43  37  42  97  47  21
  R4 |  75  52  18  35 126   5  92   4  79  36 115  77  86 129  25 127
  R5 | 153 104  46  57  85  60  27  63 144 152  38 116 140  59 147  67
  R6 |  76  98 112  93 119  29  81  62  19   6  22  61  83  53  87  84
  R7 |   3 131 134 120 108 138  31  45  78  34  70 157 114 160 124  58
  R8 |  56  23  54 106 101 158 110  11  95 109 107  20 117  72   1 121
  R9 |  33  69  49  91  90 154  17  99 150  66 103  41  82  55 102  44
 R10 |   8 155 145 136  12 133 113 118   7  96  89  65 135  40 105 128