     |  C1  C2  C3  C4  C5  C6  C7  C8  C9 C10 C11 C12 C13 C14 C15 C16
----------------------------------------------------------------------
  R1 | 138 130  23  22  13  21  14 155  30  11 103  55 108 126 112  53
  R2 | 143  66 115 135 118 157 131 123 124  60  67  48 154  73  64  35
  R3 |  19  25  91 104 125 144  42  34 127  32  93  37 150   7  59  28
  R4 | 160  26   6  41   9 109  63 136  70 145  72  31  88 137 120  95
  R5 |  33  80  43  68  82  38  50 147  15 149 148  16 101  62 116 102
  R6 |  58  27  24  29  99  87   2 122  96 132 142  12  51  54  17  40
  R7 | 140  36 129 156 151  85  74  52  83   1  76  79 146  77 139  86
  R8 |   3  78  20  75 158 153 113 100  89  57 133  84 159  90  92 111
  R9 |  69  47  39  46  65  44 128  71  18   8  81 114  56  61  94 121
 R10 |  97  49 152 141 134 119   4 117  98 105  10 107 106  45 110   5