     | C1  C2  C3  C4  C5  C6 C7  C8  C9 C10 C11 C12
----------------------------------------------------
  R1 | 73  66   2  36  79  37 39 109   6  70  71  65
  R2 | 32 120  18 103  86  27 72  42  59  31 104  75
  R3 | 33  77  40   4  81  67 87  62  28  30 106  97
  R4 | 60   3 114  10  96 101  8  21  74  53 107  24
  R5 | 41  63  51  76  56  58 57  78  16 115  99  35
  R6 | 49  38  69  34   9  43 92  55 105 108   1  52
  R7 | 25  89  80  50  48  91 98  46 118 117 100  94
  R8 | 47 116  14  82  45  15 29  90 110  12  95  17
  R9 | 61  93  85 113  11  22 68 119  26 111  84 112
 R10 | 88  44  19  64 102  13 54  83  20   7  23   5