     |  C1  C2  C3  C4  C5  C6  C7  C8  C9 C10 C11 C12 C13 C14 C15 C16
----------------------------------------------------------------------
  R1 |  47 153  66  58  91 132  40  76  31  42  99 100  77  80 150  28
  R2 |  67 121 151  90 138 103  13 149   6  35  23 157 101  49  16 139
  R3 |  88  70  61  44 112 131  14  69 159  41  19  51   7 128   5 137
  R4 |  81 148  73  32  27 104  18 107  74  38 106  96   3 123 146  25
  R5 |  26  59 105 160  57 120 134  10   1  65  64  21  84 147   9   4
  R6 | 140  46 129 116 111 118  15 143  97  54 141  43 135  86 102   8
  R7 |  79  82  52  85  17 113 125  83 114  63  72  12  30  20 109 154
  R8 | 115   2  45  89  75 152  87  36 119  93 117 156  68 110  78 124
  R9 |  92 108  71 144  24  29  94  50  98  55 126  34 130 158 155  22
 R10 |  95  62  56 136 122  37  33 145 142  53 127  39  48  60  11 133