     |  C1  C2  C3  C4  C5  C6  C7  C8  C9 C10 C11 C12 C13 C14 C15 C16
----------------------------------------------------------------------
  R1 |   9 117  89  56 157  69  27 128 136   7 106  73  61  80 101  29
  R2 |   5 118  74  98  60 132  87  20  76 126  82  28  46  22  67 115
  R3 |  21 114 148 124  24  37   8  34  14  26  57 104  33  18 142  13
  R4 |  30 146  44  65  96 143  66  59 100  31  71 129  63  75  97 110
  R5 | 112  54   1   3  15 133  39  42  32  83  62 105 155 144 138 103
  R6 | 107  64 151  68  99   6  47 150  43  58 160  17  51 153 156 116
  R7 | 134  81 159 121 125 140  72   2  93  86 127  45 130 158 145  41
  R8 | 109  88 123  16  94  77 152 131  36  90  49  92  12   4 135 141
  R9 | 137 111  50  70  11  55  10  48 113  38  23 149 102  79  78  40
 R10 | 119 154 120 122  95  53 139  52  84 147  19  35  85 108  91  25