     |  C1  C2  C3  C4  C5  C6  C7  C8  C9 C10 C11 C12 C13 C14 C15 C16
----------------------------------------------------------------------
  R1 | 134  92  53  89  40  61  45  78 112  33 119  85 133 126  12  13
  R2 | 152 105 101  35  52  54  39  63 154   8  90  69 122 155  99  47
  R3 |   2 139  82  51  10  34  62  59  79 138 114  72 160  36  29  16
  R4 |  41  66  57   9  71  31  84 103  32   7  21  22  76 142  20   5
  R5 |  19  11  44 146  67  28  46  38 116 145 111  60  96  80 131  74
  R6 |  30 149  26 144 141 136 140 104  58  77 106  93  87 121  27  95
  R7 |  86 109 107 151   4 110  94  23 124  56 128  24  48 158  68  98
  R8 |  73 127  18 148 123 157  97 120 153 100 156 159  65  42 147  25
  R9 |  43 135  14  83  70   3  50 150  81 125  55   6 130 129  15   1
 R10 |  37  88 118 137 117 102 132  49  17  64 115 108  75  91 143 113