     |  C1  C2  C3  C4  C5  C6  C7  C8  C9 C10 C11 C12 C13 C14 C15 C16
----------------------------------------------------------------------
  R1 | 100  66 126  58  75 118  97 153 155  30  80   4 105  93 122 112
  R2 |   9 123 104  81  46  52  47  45 102 150  67  35  55  24  34  69
  R3 |  76 119 149 137  15 130 140   7  85 152  82  91 148  64  56   1
  R4 |  83 113  11  16  53  48  95 132 131  87 107  12 115  86  63  43
  R5 |  29 116  78  59  60  65  71  42  89 106  72  33 146  62  73  68
  R6 | 158 121   6  88  70   2 156 103 111  32 142  51 110  49 136  39
  R7 | 141  14 120 157  25  27  61   8 145  38  92   5  40  37  10  41
  R8 |  57  22 129  21 128  36   3  50 138  74  96 144 114 159  13  54
  R9 | 125  26  31  28  77 101  84  99  17 151 160  98 127 109 139 108
 R10 |  20 134 135  18 133 117  23  94 147 143  90  19  44  79 124 154