     |  C1  C2  C3  C4  C5  C6  C7  C8  C9 C10 C11 C12 C13 C14 C15 C16
----------------------------------------------------------------------
  R1 |   5  86  12 130  91  36  94 105  52 147 136  60 143 126  72 102
  R2 |  29 131  82  93  51  74  48  99  22  26  17  41 122  77  79 146
  R3 |  97 115  92 112  46  75  39  70  66  28  25  98 152  68 109  37
  R4 |  80 157  64   3 150  19  20 114 134  96  32  34  57   1  81 118
  R5 |  65  38  31  85 155  54 145   9 117  89 160 119  83 138 128 120
  R6 | 103  78  35  42 127 144 133  21  71  43 113  90  87  47 137  53
  R7 | 107  40   8 139 110 111  30  16  24 125 142  27  10 158  55 104
  R8 | 132 135  67 156  56 108  18 106 149 153  49  50 124  14  73  11
  R9 | 140   6 151 101  61  84 121  45  33  15  13  69 148  63 159 116
 R10 | 129  88 123  23 100  59  76 141 154  62  58   7   2  44  95   4