     |  C1  C2  C3  C4  C5  C6  C7  C8  C9 C10 C11 C12 C13 C14 C15 C16
----------------------------------------------------------------------
  R1 |  85 147 134 156 108  92  63  26  90  81 119  70  50  32  49  23
  R2 |  55 125  34  71  61 143 136  86 137  83  15  12   8  59  38 158
  R3 |  27  88  16 124 148 132 154 109 157   3 120  52  35  64 155   4
  R4 |  77 111  98 106  68   2 128  45  72 153  36 160 141  75 105 152
  R5 |  93   9 113 104 151 150 123 116  42  54  13   6  84  14 100  74
  R6 |  33 159 121  40 149  96 115  18  57  97  80  47 145 142  31  39
  R7 | 127 130  69  22  46  19  94  21  67  58  99   5 140  30  37  29
  R8 |  76 118  66  11  79 110 102  73  48 129  25  41  44  91 144 139
  R9 | 126  17  56  60 138 131  62 103  51 135 146 122 117   7  20  10
 R10 |  89 133  28  78  65  43 114  95 107   1  87  53 101 112  24  82