     | C1  C2  C3  C4  C5 C6  C7  C8  C9 C10 C11 C12
----------------------------------------------------
  R1 | 19  66  94  10  86 69  11  63 101  31  25  65
  R2 | 47  18   2  73  49 72  83  68  51  90  64 112
  R3 | 33  34  28  67  22 40  17  89  20  62  61  41
  R4 | 85  97 118 106 111 38  23   7 116 109  16  58
  R5 | 35  46  84   6  27 70  12  74 103 105  13 102
  R6 | 15  32   8  59  75 52 115   1  37  21  96 107
  R7 | 60 100  55  53  95 82  30 110  36  93  54   9
  R8 | 57  45  81   3 119 79  42 113 117 120  99  14
  R9 | 71  92  87  50  26 39 114  44  98  29  76   4
 R10 | 91 104  78  77  48 24 108  80  43  56  88   5