     |  C1  C2  C3  C4  C5  C6  C7  C8  C9 C10 C11 C12 C13 C14 C15 C16
----------------------------------------------------------------------
  R1 |  89  22 144  84  87 124  92  50 118 113  96  34  54  30  39  95
  R2 |  68  41  99 108  93  86  90  64 101 141 142  40 138 145  63 102
  R3 |  51   9 146  82  61   6 121  21 105 119  17  48 129  20  26  75
  R4 | 128  80  94  73  85  88  12 150 159 154  10 120  24 152  55  23
  R5 | 156  53  18 126  91  43 116   4 151  36  31 137  57 104  44  67
  R6 |  69  77  59  25  81  65  47 136   3  46  19  98  27 103 114 149
  R7 |  76 125  56  97 111 133  37  28   7   1 127 158 130 157 109 143
  R8 | 135   5 131 107  49  33  52 155  16 139  13   8 117 160  42  71
  R9 |  14 122  35 140  29  62  72  32  78 106 132  38 115  11 112  70
 R10 |  15  58  66  79 123  74  45  83  60 148 134 147 110 153   2 100