     |  C1  C2  C3  C4  C5  C6  C7  C8  C9 C10 C11 C12 C13 C14 C15 C16
----------------------------------------------------------------------
  R1 |  73  79  23 133   3 111  20  10  27  32  81  48  38 123 160 101
  R2 |  52 157  88  49 121  87  44 144  89 134 141  11  21  34 138  93
  R3 |  17  83  51  35  82  66 154 142  76  68 146  55  63 127  90  36
  R4 |  24  37  30  77 107  45 135  12  67  95 156 102 126  65 158  80
  R5 |  78 104  16   1  57  84 153 136 150  92 139  54 147  39 114 143
  R6 | 152  75 116  28 105  43   6 128   2 149  99  69 112 145  29 108
  R7 | 155  46  42  85 151  62 125  91  47  25  70  18 137  40  41  98
  R8 | 103 129  64  59 106  31  58 132  72   4 130  86   9 124 118  71
  R9 |  61  56  13  14  97 119  50  60  15 120  22   5 140  96 159  26
 R10 | 110 113 148   8 131 117  74  94  53  19  33 115 122 100 109   7