     |  C1  C2  C3  C4  C5  C6  C7  C8  C9 C10 C11 C12 C13 C14 C15 C16
----------------------------------------------------------------------
  R1 |  89 151  70 139  99  55  20  46 109  78  37 153 101  79 130  10
  R2 | 159  74 122 142  39 116  68 157  63 154  73  26  16  12 133 140
  R3 |  59  36  19  96  18   7 143  11  32   4  33 127 144  85  72   5
  R4 | 108  87  77  34 117  14  25 160 120  80  65  42  94  24 137 136
  R5 |  76  48  27 125  61  44 158 138  50  95 145  13  51 149  62  54
  R6 |  41  56  30  17  98  71  43 115  86   6  31 105 118 150  57 126
  R7 |  35 146  92   1 102  91  64  15  88 132   2 155  83 106  52 103
  R8 |  66 114 124  23 147  67 129 134 110  28 141 152   3  75 119  82
  R9 |  49  22  38   9 156 112  69  53  90 135 111  81  40 100 123 107
 R10 |  21  47  97   8 121 131  45 113  84 148 128  58  60 104  29  93