     |  C1  C2  C3  C4  C5  C6  C7  C8  C9 C10 C11 C12
------------------------------------------------------
  R1 |  74  79  33  27 111  96  68 116 114   8  14  11
  R2 |  54  67  55 106  77  99 119  84  73  51  46  13
  R3 |  75   4 102  62  57  15  45  35  59  32  83  90
  R4 |  82  17 105  28  72 107  95  38  71  49  63  37
  R5 | 104  42  88  78 118  23  56 110  66  24 100  64
  R6 |   1 108  40  36 120  65 113  44  61  93  76   5
  R7 | 109  91   9  29  41  48  26  50 115  89  43  20
  R8 |  53   7 103  94  19   3  10  34  97  12 101  25
  R9 |  21  47  52  87  18  60  80  39  98  85  58  92
 R10 |  16   2  31  70  30  86 117  81   6  69 112  22