     |  C1  C2  C3  C4  C5  C6  C7  C8  C9 C10 C11 C12 C13 C14 C15 C16
----------------------------------------------------------------------
  R1 | 130  27 146  99  39  58 150  68  57 149 119 120  51  17  72  34
  R2 | 107  66 156  86  93  73 121 115  77  98  14 147  60  29  40  35
  R3 |  63   3  83 143 100  38 138 112 140 148  65  90   8 133 101 110
  R4 |  84 127   6  21  50  33  54 158  26   1  64 154   5 113 141  52
  R5 |  67  31 116  96  15  11   9 142  20  56 155 104 132 114 108 103
  R6 |  19 152 122  78 129  32  25 160  59   7  91 136  95 124 153 106
  R7 |  88  92  45 126  46  13  82 139 117 102  37 151   2  16 111 157
  R8 |  87  22  48  97  69 123 131 144  55  75  80  94  62  53  61  23
  R9 |  79  44  41 118  81  18 137  42  43  74  12 128   4 109 145  24
 R10 |  28 134  30  89 159  49  10  85 105  70  47  71  36 135  76 125