     |  C1  C2  C3  C4  C5  C6  C7  C8  C9 C10 C11 C12 C13 C14 C15 C16
----------------------------------------------------------------------
  R1 |  90  14 156  78  51  82  92  49 150   6 139  29   1 114 101  33
  R2 |  45  57 120 119  23  10  56 148  41 107 151 112 103  26  97   4
  R3 | 124  91 121  40  71 144 100  37 133 142  42  89 134 158  81  20
  R4 |  55 104  27 109 140  52   9  96  36   7 113  85  32 130 122  24
  R5 |  65  70 111 116 125  93 108  53 160  67 136  68  15  73  31  60
  R6 |  64  84 146  66 118  48 135 141  95   2  54  87  38  30  86  69
  R7 |  19 110 143 155  35 106 138 147  75  39 145 126  72  11  59  25
  R8 | 159  46  17 149  34 123  22 128  79  77  50  43  18 127  80  74
  R9 | 152  99  58 129  98 102 117  21  61  12 115  62 137  94  76 132
 R10 |  44  88  16   3 105  83  13 131  63 153   8 157  28   5 154  47