     |  C1  C2  C3  C4  C5  C6  C7  C8  C9 C10 C11 C12 C13 C14 C15 C16
----------------------------------------------------------------------
  R1 | 148  86   5 150 126  56  61  46  11 141  37  27  72  96 139 140
  R2 |  69  80  87  63  30  32 111 100 151  19  18 153  52  93 118  45
  R3 | 116 101 127  79 119 122  55  34  50 107 158 120   3  90 109  99
  R4 | 128 136  77  42 102  26  91  66   6 124 147 129  17 142  94 146
  R5 |  65  13  89 103  60  84   7 105 131  14 123 155  10  92 130  75
  R6 |  78 134   4  20  16  54  68  29 115 144   2 113  59 152  12  82
  R7 |  49  31  21 106  28 125  88  43 110 154  36  38  39 108  97 104
  R8 |  44  35 138  71  51  98 132 133  33 117  81  73  47  64  22  24
  R9 |  40 149  85   8  83   9  62   1  95 145  41  67  58 156  25 135
 R10 | 112 114  48 157 121  57  76 137 160  53 159  23  74  15  70 143