     |  C1  C2  C3  C4  C5 C6  C7  C8  C9 C10 C11 C12
-----------------------------------------------------
  R1 |  63  67  77  38 107 39  95  33  13  21   6  51
  R2 |  60 119  75  46  88 12  44  32  86  69  50  36
  R3 |  76  71 105  41  98 35  20  91  78  55   1  81
  R4 |  31  40  37  42  90 57  27  59 118  43  68  94
  R5 | 112  84  72  85  93 29   2 116 102  16  22   9
  R6 | 110  92  74 108  89 53  48 103  97  19  73  49
  R7 |   3 117  30  65  17 61   8 113  82 120  96  87
  R8 |  80  45  83 100  47 70 111  52  11  62  54  64
  R9 | 115  58  24  34  99 66  18  28   5 104  14 106
 R10 | 101  15   4  79  26 23 114   7  25 109  56  10