     |  C1  C2  C3  C4  C5  C6  C7  C8  C9 C10 C11 C12 C13 C14 C15 C16
----------------------------------------------------------------------
  R1 | 159 134  86  88  78  39  89 108  27  60  73  50  19  77 158 120
  R2 | 152 115 109  71  31  92 104 136  26 100 119   6 135 131 155  49
  R3 | 149  99 123  37  87  96  58  33  25 157 137  66  12 156  20 116
  R4 |  83 139  97  18  29  91   8  65  55   4  41  68  52  62  53 143
  R5 | 150  11  23 122 141  72   1   5  59 125 142 112 128 133 132  10
  R6 |  85  51 151  21 148  98 129  57 126  43 145  80 106  94  15   2
  R7 |  22  38  64 154  16  56  61  95 117 110  24 153  47 114  74  81
  R8 |  32  69  54 130  93  45 160  76 107  44  17   7  34  63  36  70
  R9 | 103  82  48 111 121 113  14  46  75  35  42  90 140 105 146  13
 R10 |   3  79 101   9 147 118 124  40 144  28  84 102 138 127  67  30