     |  C1 C2  C3  C4 C5  C6  C7  C8  C9 C10 C11 C12
----------------------------------------------------
  R1 |  89 27  59  71 15  94 101  93  58  86  67  57
  R2 | 107 75  44  45  5  34  82  21  97  95 114  69
  R3 |  70 24  23   8 32 113  63 106  68  19   9  30
  R4 |  43 78  50  49 26   6 117   3  61  99  98 100
  R5 |  91 47  55  13 83  35  46 112  14  77 119  79
  R6 |  22 52 111  81 28  48  25  80 110  16 115 109
  R7 |   1 37  31  64 39  36   7  20  53  85  10  12
  R8 |  65  4  29  11 74 105  41  42  33  88  90   2
  R9 | 118 60  54 120 56  72 116  92 108  38  18  87
 R10 | 102 66  51  76 96 104  17 103  84  62  73  40