     |  C1  C2  C3  C4  C5  C6  C7  C8  C9 C10 C11 C12 C13 C14 C15 C16
----------------------------------------------------------------------
  R1 | 106  16  49  94  78 123  18  36 117  92 128 144  65 146 147  97
  R2 |  86  58 109 151  64  24 125  55 158 119  66  10  17  44  42 111
  R3 |  69 112  21  91  81 105  45   6 116  89  35  32 115  74   9 152
  R4 | 104  77  93  60  29  22  30  59  51  79  75 134  43  39   3  20
  R5 | 156 135 121 124 154 130  15  23  52 118 160  71  47   8 122   1
  R6 | 136  62 159 153 129  98  68  83 138  13  33  14  53  63  67 131
  R7 |  50  95  90  19 100 103 110  88 133   4  28  37  99  96 114  46
  R8 |  82 150  27 120 126  80   5  38 127  85  61   7  34  41  31  87
  R9 |  57 155   2  73 143 148  25 108 141 157 102  76  11 132  54  26
 R10 | 140 101  48  40 139 113 137  70  56 149  72  84 145 107 142  12