     |  C1  C2  C3  C4  C5  C6  C7  C8  C9 C10 C11 C12 C13 C14 C15 C16
----------------------------------------------------------------------
  R1 |  84  87 155 133  69 138  35  53 105  91 130  50 154   1 140   3
  R2 |  97 127 112  12  15  44  67 137  21 123 104 119 106   5 153  94
  R3 | 122  60   2  64  68 118  25  39  78 102  73 151  79  56  27  11
  R4 | 150   7 146 100 136 149 117 156 109 129  83  26 131  24  51  16
  R5 |  81  36  57  23 159 103  54 142  38 111  22  28  70 139 126 141
  R6 |  55  47 158 148   9  89  40  95   4  71  86  13   6 160  65  52
  R7 |  33 135 110  58  10  62  98 125  20  17  46  42  77  31  37  96
  R8 |  19  43 128  82  61 101 113 116  59  49  80  29  63 147  66  90
  R9 | 107  85 144 124 114  14  92  45 145 115 121  75  48  30 120  32
 R10 |  34   8  99 152 143 108  76  18  88 132  41  74  93 157  72 134