     |  C1  C2  C3  C4  C5  C6  C7  C8  C9 C10 C11 C12 C13 C14 C15 C16
----------------------------------------------------------------------
  R1 |  75  94  91  65 108 138  47  29  50 149  21 127 150  93  54  30
  R2 |  49  36   5  16 154 117 102  85  10  27  78 160  57  17  67 111
  R3 |  60  87   1 153 122 146  56  68  25  70  14  52  48 130  12  35
  R4 |  79  19  38  43 144  40 125  61  59 104  74 106  39 152 120  86
  R5 |  99  81  73  64 151  71  58  96  18 147  22  98 126   9  80   4
  R6 | 100 121 132 116 115  20  11  44  34 148 137 133 131 110  62 118
  R7 |  26 134  24  28  51  97  32  69  42 113 157  66  41 114 128 107
  R8 | 129 158 139  92 143  82  63 159  55 124  89  33 140 135 155 145
  R9 |   3 123  37 142  83   8  95 119 103  13  53 156  15  84  77  90
 R10 |  31 112   2  72   6  45  46 141  76   7  23 109 101  88 136 105