     |  C1  C2  C3  C4  C5  C6 C7  C8  C9 C10 C11 C12
-----------------------------------------------------
  R1 |   2  59  16 114  35   9 10  87  32  30   5 104
  R2 | 117  13 100  70  67  96 21  61  84  36 119  22
  R3 | 111  51  29 103  60  27 49  39 118  37  89  54
  R4 |  42  17  73  19  97  23 41  56  99  11  72 112
  R5 |  77  75  40  62  58 110 86 105  55 109 102  14
  R6 |  76  28  81  94  45  83 71   6  53   3  68  66
  R7 |  82 108  63  48 101  93 18  91  80   1  31  15
  R8 |   4  24  65 115  38  78 46  69  95  33  79  26
  R9 | 116   8  20  44 113  43 57  88  64 107  34  98
 R10 |  90  92  85  12  74 120 50   7  25  52 106  47