     |  C1  C2  C3  C4  C5  C6  C7  C8  C9 C10 C11 C12
------------------------------------------------------
  R1 |  75  50  45  26  20  41  71  54  43  67  49  82
  R2 |  17  89   3  62  81  16   1 120  30  22  33  21
  R3 |  39  34  53  92  83  84  25  29 117  69  98  38
  R4 | 112 100 103  42 114  74 115  36   7 119  15  10
  R5 | 118  63  48 105  61  11 116  14  91 113  65  70
  R6 |  73  55  27  85  80 101  77  19  94  40 109  64
  R7 |  28 111  24  99   4 102   6  51  78  97  52  90
  R8 |  31  44  59  87  72  88  96  68  47  60  66  12
  R9 |  57 110  46  13 104  35  23  79   9   2  32  18
 R10 | 107  76 108  37  56   5 106  95  58   8  93  86