     |  C1  C2  C3  C4  C5  C6  C7  C8  C9 C10 C11 C12
------------------------------------------------------
  R1 |  54  43 106  50  64  82  52  56 109 113  29  97
  R2 |  45  32  62  51  74  44  22  16  23   9  25  77
  R3 |  34   6  79   5   8 103  70  40 119  26 104  37
  R4 |  90  66  84 120   3  27  13  68  63  92  69  99
  R5 |  24  67  73  91  53 101 107 100  28 102  98  38
  R6 |  81  80  65  93  46  94  86   7  96  85  21  58
  R7 | 112 108  11  15   2   4  41  10  47  20 114  83
  R8 |  72  55  76  71 116 118  89  88 117  18   1  42
  R9 |  75  14  33  35  19  12  31  17  95  78 105 115
 R10 |  39  48  57 110  36  59  87  60  49 111  61  30