     | C1  C2  C3  C4  C5  C6  C7  C8  C9 C10 C11 C12 C13 C14 C15 C16
---------------------------------------------------------------------
  R1 | 95 123  69  77  39  23  94  59 115  47 145  27 101 141  98  58
  R2 |  9  45 116  44  66  17  46 104 129 154  82  75  83 121  26  43
  R3 | 53 150 140 110  67  41 131  20 112  87  88  37  89 157  12  49
  R4 | 73  78 144  65 139  56  14 136   2 155 117  38 127  85  80 130
  R5 | 31  48  86 106  42 120 153 132  92  32  57  64 125  63  70   6
  R6 | 71  28  22 147   1  60  11  10 159 103 133  97 134  68 126  90
  R7 | 91 158  18 135 146  36 152  79 156  51 138 148  16 100 137 124
  R8 | 74  81 102 149  84  34 128  96  33  13 143 119 109  55 114  93
  R9 | 21 160  99  24 113  54  72 142   7  40 107  29 118  62  19 105
 R10 |  8  61   5 111   3 122 108   4  76  52 151  50  30  25  15  35