     |  C1  C2  C3  C4  C5  C6  C7  C8  C9 C10 C11 C12 C13 C14 C15 C16
----------------------------------------------------------------------
  R1 |  88  99  26   4  44 131  86 152  27  48 110 117 139 130  63  53
  R2 | 104 132  75 127 121 151  96 126 129 122  57 150 125  28 101 146
  R3 | 142  78   5 106 138 149  32 124   8 119 115  66  18 116  25  20
  R4 | 136  35  15  46  58  29  37 159  70  36  40  90 156  34 109 112
  R5 |  56 158 160  59 123  43   7 134 154  31 148  24  19  81  17   6
  R6 |  71  50 147 133  97 113  10   3  92  85 111  41  91  49  23  45
  R7 | 108 120 118  61  42  33  39 105  68 155 102 153  84  93  38  94
  R8 |  73  14   2  64 145  89  83  95  22 141  12  13  47  80  51  55
  R9 |  77  74 157 107  67   9 144  87  69 103 143  72  52  11  21   1
 R10 |  98  65  16 137 140 100  30  54 114  79  62  82 128  76 135  60