     |  C1  C2  C3 C4  C5  C6  C7  C8  C9 C10 C11 C12
-----------------------------------------------------
  R1 |  67  64  11 41  56   6  25 118   1 113  72   9
  R2 |  30  89  26 82   4 106  80  51  78  77  39  24
  R3 |  17  85  36 23  27  93 108  66 114  20  96 102
  R4 |  37  62 109  5  68  86  44 107  47  52  19   3
  R5 |  28  75  31 59  50  95  14  43   8  40  45  94
  R6 | 104  81  90 12  33 119  97 111 117  88 112  69
  R7 |  13  10  87 34 103  60 101 116  22  92  61  91
  R8 |  48  79  53 29  74  42  54  38 105  18 120   2
  R9 |  16 115 110 32  84 100  46  63  21  55  35  15
 R10 |  73  98  65 49  83  57  71  58  99  70  76   7