     |  C1  C2  C3  C4  C5  C6  C7  C8  C9 C10 C11 C12 C13 C14 C15 C16
----------------------------------------------------------------------
  R1 | 125  60   9 150  43  79 127  94  93  23  45 149 152  49  44  84
  R2 |  11  80 145  72  92  67 135  64  30 148  25  99  54 156  98 106
  R3 |  17 100  33  82 113 122  62 111 102 103  40 147 117  87 140 118
  R4 |  26 119  29 141  85  22  96  50  35 160  15  55 104  10  27  74
  R5 | 114  70 154  88  89 159   7  95  57 128 155  81  65 112   4 130
  R6 | 105 153  68 133 137 134 115  61 132  52 151 109   8  66 158  24
  R7 | 144   2  73 146  38 121  14  47  41 107  46 110 131  19  56  16
  R8 |  91  28  39  36  12 136 138 142 120  21  18  76  86 101 124  77
  R9 | 139  97  78 108  31  63   3   5  20  42 116  83 143   6  51  37
 R10 | 157  71  69  13  59  32  53  58   1 129  48 126  75 123  90  34