     | C1  C2  C3  C4 C5  C6 C7  C8  C9 C10 C11 C12
---------------------------------------------------
  R1 | 48   2  80   7 54 108 98  32  68  62   3  24
  R2 | 49 112  29  72  1  63 18  41  43 114   5  65
  R3 | 95 107  15 110 76 113  6 115 106  81  67  73
  R4 | 55 100  91  23 64  11 82  50 116  27  94  88
  R5 | 99 117  21  40 20  45 74  66 101   9  58  60
  R6 | 35  12  96  69 90  25 93 119  44  10  17 104
  R7 | 83  89  85  13  8  86 53  28  14  19  87  59
  R8 | 34  77  39 109 33  38 71  47  52  75  36  31
  R9 | 16 118  92  37 84 103 30  46  70 111  22  42
 R10 | 56 105 102  51 97  79 57   4  61  78 120  26