     |  C1  C2 C3  C4  C5 C6  C7 C8  C9 C10 C11 C12
---------------------------------------------------
  R1 |  94  97 58  21  15 20  31 26  85  55  38  88
  R2 |  91  49 93  46  73 35 108  6   4  81  28  13
  R3 |   1 111  2  23  37 63  68 27  98  69  41  53
  R4 |  43  18 77 104  39 70  45 84 115 105  34  92
  R5 |  65 107  9  11  79  3 119 72  19 112  89 113
  R6 |  10   7 22  61  66 87  51 90  62   5  12  86
  R7 |  25 102 82 116 106 17 103 44  40  47  64  56
  R8 |  29  60 32 117  42 54  48 50  76  75   8  59
  R9 |  99 110 57  80  96 24 114 71  16  52 120  33
 R10 | 109  36 83  14  78 95  74 67 101  30 100 118