     |  C1  C2  C3  C4 C5 C6  C7  C8  C9 C10 C11 C12
----------------------------------------------------
  R1 |  70  55  89  71 20 98  11   6  88   1 118 120
  R2 |  33 108 111  49 65  5  24  21  19   2 116 102
  R3 |  50  56  16 117 73 46   9  80 106  13  42  27
  R4 |  64 119  95  62 96 31  94 110 100  39 105  25
  R5 |  23  78  51  57 67  7 104  81  83  53  32  59
  R6 |  63  41 109  72 69 12 103  79  48 107  37  77
  R7 | 113  58  30  52 82 28  45  61  10  99   3  92
  R8 |  54  85   4 115 14 91  15  93  68  47  87   8
  R9 |  66 101  40  22 84 86  74 112  36  34  44  60
 R10 |  97  90  18  75 38 43  35  29  26  76 114  17