     |  C1  C2  C3  C4  C5  C6  C7  C8  C9 C10 C11 C12
------------------------------------------------------
  R1 |  26  33  63  57 114  17  11  92  78   7  21  67
  R2 |  74  73 113  72  37  91 105  65  29  41  93  61
  R3 |  66  75 119  71  54 103 106 120  82  24  25   2
  R4 |  45 118  19  23  89  51  90  18  55  58 102   4
  R5 |  80  68  50 107  97  79 104  10  83  98  32  86
  R6 | 109 108 115  96  76 116  64  13  81  47  27  69
  R7 |  20  44  48   8   6 101  87  56 111  94   1   5
  R8 |  16   3  62 117  35  52 100  77  28  60 112  59
  R9 |  49  84  15  39  99  31  38  34   9  70  22  12
 R10 |  30  88  42  53 110  95  43  36  14  85  40  46