     |  C1  C2  C3  C4 C5  C6 C7  C8  C9 C10 C11 C12
----------------------------------------------------
  R1 |  46  31 104 120 41 116 94  25  28  56  74  48
  R2 |  65  55  93  75 83 112 16  38  60  96  97  18
  R3 |  20 105   1  27 89 108 84 114  90   3   8  67
  R4 |  37 107 117  22 99  68 91 103  19 106  11  34
  R5 | 115  58  64 110 12  47 53  86   9  33  29   4
  R6 |  73  98  43 118 81  50 44  92 113   6  79  66
  R7 |  62  26 102  52  7   2 35  85 119  32  39  24
  R8 |  36  69  30  49 10  59 45  95  13  80  77 101
  R9 |  78  42  87  70 21  51 17  15 111  23 109  71
 R10 |  14  76   5  40 61  82 54  57  63  72  88 100