     |  C1  C2  C3  C4  C5  C6  C7  C8  C9 C10 C11 C12 C13 C14 C15 C16
----------------------------------------------------------------------
  R1 | 151  23   6  99 101  42   5  57  24 147  72  80  58 157 106 153
  R2 |  33   8  53 118 115 132 117 137 124  12 134 100  84  59  67  85
  R3 | 113  21 125  10  16  41 159  52  69  22 119  70  63  64 133   4
  R4 |  32 139 114 123 126 138  74 146  43   1   3  81 140  46 108  96
  R5 | 135   7 120  78  94 116  45  47  75 150  68 129  13 102  30  79
  R6 | 130  88  51  31 158   2  35 107  91  95 149  49 141  86  87 142
  R7 | 110  40  20  82  36  90 136  62 122  54  60  17  98  44  83  65
  R8 |  38 127 105  11  55  28 128 145  48  56  66 154   9 103  15  34
  R9 | 144  14 155  61  19  73  39 152 143 156  18  26  29  27  97 111
 R10 |  71  92 121  37  93 109 131  76  89  77  25  50 148 160 112 104