     | C1  C2  C3  C4  C5  C6  C7  C8  C9 C10 C11 C12
-----------------------------------------------------
  R1 | 50  53  99  79  88  83  47 100  73  30  96  12
  R2 | 51  76  20  82  97  71 120 114 102 115  86  32
  R3 | 54  72 117 105 106  36  31  98  85  90   9   8
  R4 | 92  13  23  10  61  39  35  94  66  17  70  43
  R5 |  4  38  68 110 113   6  42 108  37  49  84  65
  R6 | 63  29 116  87  18   7  59  80  11  46  81  69
  R7 |  5 109   3 107  48  58  44  89  56  52  16  91
  R8 | 45  14  67  15  78 112  33 104  41  34  77  19
  R9 | 55  24 111  27  62  57  64   1 103  26  74  25
 R10 | 40 101  95  75  22 118   2  28  21 119  60  93