     |  C1 C2  C3  C4 C5  C6  C7  C8  C9 C10 C11 C12
----------------------------------------------------
  R1 |  17 13  28  95 49  71  62  27 115  37  35 118
  R2 |  89  5  10  63 40  53  77  78  85  55  99  97
  R3 | 119 29 107  81 42   9 104  22  14 102  19 114
  R4 |  20 56  57  69 92  67  75   3  87  34 106  66
  R5 |   1 74   2  64 65  44  80 108  33  96  30  79
  R6 |  84 73 112  15 45   4 109  46  43  16  31 110
  R7 |  26 83  70  25 61 116 103  23  21  94 100  39
  R8 |   6 24 111 113  7  12   8  72  36 105  98  58
  R9 |  54 93  60  86 48 120 101  82  90  68  50  91
 R10 |  76 11  38  88 47  52  18  51  59  41  32 117