     | C1  C2  C3  C4  C5  C6  C7  C8  C9 C10 C11 C12
-----------------------------------------------------
  R1 | 17 111  33  31 108  28  39  21  42  93  47  37
  R2 | 40  76  35  20  88  16  12  94  25  68  97  29
  R3 | 11  71  52   2  86  44  18  55  67 112  82  79
  R4 | 30  78  80  46  14  83  75  66 105  22  13  69
  R5 | 70  95  50 102  32  24  73   3  10  45  15  56
  R6 | 61  58  38   9  85 118 113 115  27  49  36 109
  R7 | 92  34  87  89   6 114   1  51 117  62  43 120
  R8 |  4 119  60 107  59  74  23  63  57  72   7  64
  R9 | 96  84 100 106  26  98   5  81   8  91 104  77
 R10 | 99 116  53 110  90  54  19 103 101  48  41  65