     |  C1  C2  C3  C4  C5  C6  C7  C8  C9 C10 C11 C12
------------------------------------------------------
  R1 |  57   3  26  25  81  38 109  72   4  53  55  42
  R2 |  82  84  34  58  31  47  92  48  41  99 100   5
  R3 | 110  45 113 116  65  51  66  70  27  74  11  76
  R4 |  87  19  86  37   6 107  50 105  56  68  30  96
  R5 |  28 102  36  83 119  52  24 114  17 111  89  71
  R6 | 103 108  12  63  85  75  91  80  90   8  59  15
  R7 |  10  35  60  16  21  73  64  46  54  33   9  94
  R8 |  23 120  18  93 101  88  61  20   1 112 115  67
  R9 |  13 117  40  98  29 104  69  95 118  97  14  79
 R10 |  44 106   2  49  77  32  39  62  22  43  78   7