     | C1  C2  C3  C4  C5  C6  C7  C8  C9 C10 C11 C12
-----------------------------------------------------
  R1 | 99  46  95  26 116  64  22  56   8  20  31  39
  R2 | 80  19  14  12  28  82  98  55  68  49 114  29
  R3 | 83  93  71 113  63  75  59  15  17  91   9  41
  R4 | 84   5  38  70  74   2  44  61  79  21  90  53
  R5 | 96  69  47  66  11   6  89  52 100 117 110 108
  R6 | 35 105  43  65  97  30 112 104   4  36  16 103
  R7 | 37  76  92 109  24  10  58   3  50  94  48  27
  R8 | 42  34  54  18  78 118  81 106  73  72   1  40
  R9 | 13  25 101  23 102 107 111  62   7  88  60  67
 R10 | 85  51  77  86  32 119  33  57 120  45  87 115