     |  C1  C2  C3  C4  C5  C6  C7  C8  C9 C10 C11 C12 C13 C14 C15 C16
----------------------------------------------------------------------
  R1 |  60 101  16 122 112  66 126 110  91  62 155 143  32  52 113  53
  R2 |  63  51 125 137  27 142  48  31 148   7 129 146 145 139  50  86
  R3 |  64  82  17  34 115  83  24 158  77 149 109 141 135  61 119 114
  R4 |  96 152  95  58  25  67   1  12  72  28  76 154 130   5  26  99
  R5 |  57  88  68 107  70 102 156  97 123 147  44 117  14 132 121  18
  R6 | 151  92  23 133  73  81  84  75 134  39  29  22 128   6  41  11
  R7 |  71  35  19  87  55  94 108 103  85  90  47 127   9  59   8 120
  R8 |  37  45 105  21 140  43  69  93 150  56  98  42  30  33  79  78
  R9 |  65  36  54 160 153 131 159 118   4 100  89 144  46 116 106  15
 R10 |   2  80   3 157 104 124  20  10 136  13  49 138  40 111  74  38