     |  C1  C2  C3  C4  C5  C6  C7 C8  C9 C10 C11 C12
-----------------------------------------------------
  R1 |  19  98  96 114  72  45  88 31 111 119 110  71
  R2 |  57   1 102  93  95  20 116 18   7  70   2 112
  R3 |  38 118  44 120 113  55  94 99  34 101  36  26
  R4 |  82  24  11  23 106  30  28 73  78  62  21  17
  R5 |  22  25  61 109  60  86  97  4   3  85  89  32
  R6 |  46  63 115  10  91  69  13 12  43  35  77  41
  R7 |  59  80  64 105 108  54 107 50  76 100  33   9
  R8 |  68  14  83  16  92  29  37 58  42 104  87   6
  R9 | 103  15  47  75  48  39  67 66  74   8  79  84
 R10 |  81  90  56  51  40 117  49  5  27  65  53  52