     |  C1  C2  C3  C4  C5  C6  C7  C8  C9 C10 C11 C12 C13 C14 C15 C16
----------------------------------------------------------------------
  R1 |  29  43  46  62   2  58 142  25  78  24 154   4 144  15 125  82
  R2 | 122  31  40 160 100  68 114  96 123  27 127 103 130 136  45 115
  R3 | 159  54 146 101  37  50  85 105 112 145  16 111 143  69  81 121
  R4 |  83 124  99   6  63  88 117 150  28  65 148  84 147 129 140  44
  R5 | 134  23  95  22  93  39  17  20 138  38 131  75  21  90  71  77
  R6 | 106  86  92  32  72 116  52  64  60  80   8  41  35 120  91 153
  R7 |  11 151 137 158  26 156  42 107  48   5 126  36  76   1  12  66
  R8 | 135 152  19 119  14   7 118  51  53  61  18  79 157  59  56 108
  R9 |  67  10 141  73  55 133  34  98 113 109  87 149  33  57   3  49
 R10 |  47  70 102   9 110  13  74 128  94 155 132  97  30 104  89 139