     | C1  C2  C3  C4  C5  C6  C7  C8  C9 C10 C11 C12
-----------------------------------------------------
  R1 | 54 105  70 101  96  94  78  44  67  25  40  65
  R2 | 28  26  83  62  31  82  92  98 119  17  15 118
  R3 | 90  59 107  74 117  20 115   9  86  35 113  81
  R4 | 21  37   8 114   3  56  45  63  73  10 108 103
  R5 | 12 110  53  77  47   4  84 111  27  33  34  13
  R6 | 29  89  60  49  88  24  75  97  22  55  69 100
  R7 | 18  57  79  39  61  71  68  72  41   2  42  16
  R8 |  1  11  99  87  14  36  48 104 102  19  52  64
  R9 | 93 112 106   6  85  23  50 120  80  76  43  30
 R10 | 38   7  32 109  58 116   5  95  91  46  51  66