     |  C1  C2  C3  C4 C5  C6  C7  C8  C9 C10 C11 C12
-----------------------------------------------------
  R1 | 118  95  55 102 52  90  23  56  44  83   8  27
  R2 |  10  69  65 104  7 101  31 112  75  96  54  68
  R3 |  88  19  62  39  3  47  28 120  45  53  73  70
  R4 |  29  77 117  24 79  42 107 103  14 114  37  87
  R5 | 111  61 113 105 67  17  80  15  64  11  18  71
  R6 |  58 106  21  98 41  63  93   4  30  16  32  20
  R7 |   9  86  49  72 22  89  40 119 109   6  97  13
  R8 |   2  78 100  82 46  94  38 115  84  35  50  25
  R9 |  34  33  99   5 36  51 108  60  76  66 116  74
 R10 |   1  48  43  59 92  91  81  57  85 110  26  12