     | C1  C2  C3  C4  C5 C6  C7  C8  C9 C10 C11 C12
----------------------------------------------------
  R1 |  8  44  19   7  58 26   5  87  95  76 109  80
  R2 | 77  60  32  22  50 48  35  66  34  18  63  47
  R3 | 37  31 100  94  12 16  10  67 119 112  89 101
  R4 | 38 107 116  79  69  9  43  59  40  78  36  53
  R5 | 20  15  75  27 111  6  11  56 103  55  54  84
  R6 | 72   4 120 105  68 21  52 113 110  23  92   3
  R7 | 91  71  39  14   2 13  73  98  17  83  42  81
  R8 | 51  28  85 115  96 29 104 114  33 108  82  41
  R9 | 97  93  45  61  64 62  49 118  90  57 102  65
 R10 | 25 106  86  24 117 46   1  30  70  88  74  99