     |  C1  C2  C3  C4  C5  C6  C7  C8  C9 C10 C11 C12 C13 C14 C15 C16
----------------------------------------------------------------------
  R1 | 104  66  35 153  85  53  15 124 115  79  63 155 100  78  38  71
  R2 |  80  92  69 121 130  48 108  99   5 111  23  61  96 117  20  67
  R3 | 152   6   9  59  28  39 154  93  81  76   8 140 116 141  55 122
  R4 |  56 132 118 136  16   7 147 129  90 135 127  95  25  26 112   1
  R5 | 106  14  34 134 125 144  87  45  11   3  36 148  43  62 157  84
  R6 | 138  13  83 142  70  24 102 158   2 131  60  52 128  18  51  72
  R7 |  97  77 133  17 146 101  88  68  46  64  50  86  82 107   4 156
  R8 |  30  27  75  44  40  54  19 110 145  31  94  37 160  89 150  73
  R9 |  10  42  91  21  58 114 151 139 143  57 105  12 149 113 120 159
 R10 |  74  49 137 123  41 126  98 109  29  22 119 103  33  47  32  65