     |  C1 C2  C3  C4  C5  C6  C7 C8  C9 C10 C11 C12
----------------------------------------------------
  R1 |  87 69  58  93   4  17  31 92  46  32  75 111
  R2 | 106 76   2  55  38  99  12 59 115  85   3  88
  R3 |  95 29  79  25  80 113  14  7  89  71  23  83
  R4 |  96 81  42  49  45  54   9 36  37  50 110  67
  R5 |  19 65  33  27 109  94  34 70  84  97  43 105
  R6 | 100 90  10   5 102  39  15 13  40  98 101  68
  R7 |  41 44 120  66 114  86  16 60  28  30  61  24
  R8 | 118 72  51 112  91 117  26 47  11 107   6 119
  R9 |  77 52  22  20  62  78 103  1 108  18  73 116
 R10 |  35 63  57  53  48 104  21 56  82   8  64  74