     |  C1  C2  C3  C4  C5  C6  C7  C8  C9 C10 C11 C12 C13 C14 C15 C16
----------------------------------------------------------------------
  R1 |  99  30 102 113  54  43  57 125   2 129  38  90  18  40  34  23
  R2 |  56 146  20  69  78 119   1  93  29   6 116  68  84 122  82  59
  R3 |  75 103  55 150  88  71  72  66  89  70  96 139  74 144 132  27
  R4 | 106  42  85 112 133  52  73  58   7  35 111  41   3 118  26  45
  R5 |   9  10   5  31  67 109  87  24  22 121  91 100 130 120  95  39
  R6 | 101  94  11   4 152 124  48 140  33 105  86 147 154  50 107 127
  R7 | 134  12  98 158  25 148 135  13 156 114  28  92 141 157 128  63
  R8 |  65 137 153 123 115  46 145  77  49  97 104 126 110  61 108  15
  R9 | 149  83  62  37  14  76   8  17 117  19  36  47  79 136  44  21
 R10 | 155  81  16 131  64 143  80  53  60  51 138 142  32 151 160 159