     |  C1  C2 C3  C4  C5 C6  C7  C8  C9 C10 C11 C12
----------------------------------------------------
  R1 |  98 117 31   3  75  8  92  62  78  52  49  67
  R2 |  12  59 40  11 101  2  94 106  51   9  85  81
  R3 |  93   5 68  61 111 23 116  54  44  69  19  96
  R4 | 102  18 58 107 105 45 118  90   4  87 108  95
  R5 |  42  76 88 115  46 36  22  30  16 120  70  57
  R6 |  37  21  1  25  82 39  91  72  99  71  34 104
  R7 |  29   7 66  35  56 33  73  10 114 109  14  32
  R8 | 103 113 89  47  38 27  13  79  60 112  64  24
  R9 |  20  17 65  48 110 86  63  84  55  80  74   6
 R10 |  83  97 28  41  53 43  15 100  50 119  26  77