     |  C1  C2  C3  C4  C5  C6  C7  C8  C9 C10 C11 C12 C13 C14 C15 C16
----------------------------------------------------------------------
  R1 |  33  83  66  88  64  43  72  97  45  89 115 118  82  99   1  56
  R2 | 110  59 125 140  67 119 138 104 101   2 158  37  11 149 145 100
  R3 |  54  75  41  94  49 148   9  20  90 130 112 153 133  16 120  29
  R4 |  26  34  95  38  10  51 128  30  76  21  65  28  35 122  32 109
  R5 | 159  52  62  31   3  18 124 103  23   8  57 143  63  42 146  13
  R6 |  73  98  70  69 137  74  48 141  25 155 151 126 114 131 121  36
  R7 | 117  14  17 157  87  44 116  12 106   5  78  53  39 156 150  60
  R8 |  46 102  81 111 152 160   6  47  84  27 139  92  91 147 144  50
  R9 | 132  19  15 105  77 136 129  22 108 142 134 154  24  96  71   4
 R10 |  58 107  80  85  40  86  68 127 135 113  79  61  93   7 123  55