     |  C1  C2  C3  C4  C5  C6  C7  C8  C9 C10 C11 C12 C13 C14 C15 C16
----------------------------------------------------------------------
  R1 |  44  41 118  51 155 133  91  72  20  58  59 115  64 112  38 124
  R2 |  76  42 113 125  47  99  13  26 134 136  94  79  23 110  83  89
  R3 | 132  57  95  52  22  35 159 141 126 130 137   2 142  33 108  78
  R4 |  27   6  19  43  93  82  18   3  34  84 150  85  25  32  14   9
  R5 | 102  30 101 143  74 103  11  81  65  53 146  49  45  69 120 116
  R6 |  39   7 156 149  37  86 140  62  98  97  48  10  36 119  15 147
  R7 | 151  75  16 111 104 127  87 152  68   8  55   5 117  96 144  17
  R8 |  88  70 107  56 131 105 114  31 154  77  63 153 135  40  46  12
  R9 | 148 123  29  71 121  67  60  24   1 122 106  73  21 138  61  66
 R10 | 109  92  28 100 128  54 129  50 139 157  90 160 158   4  80 145