     |  C1  C2  C3  C4  C5  C6  C7  C8  C9 C10 C11 C12 C13 C14 C15 C16
----------------------------------------------------------------------
  R1 |  57 103 130 160   2 139 100  26  42 152  61  54  88  43  84  37
  R2 |  82  31   1 147  10  93  13 123  86  75  39  27 138 156  97 116
  R3 |  40 120  35   6 158  24  62 106  48  23 125  51   8 119 107  45
  R4 |  83  15  66  60  98  34 159 102  89 113 109 122   3 131  78  90
  R5 |  50  85  21  47 112 150  80 141 153  87  72   5  76 144  36  74
  R6 |   9   7  53 145  46  96 154  32 137  19  33  25 148  77  91  67
  R7 |  56 151  17  94 110  12 143  41 127  30 140  44 117  20 132  68
  R8 | 124  22  92  65 149 126 142 101  11  38  79 157 115  99  95 108
  R9 | 134  52  81  29  16  70 118 135 128 136  64  73 111  59 105 133
 R10 |  71   4 146  55  18 121  14  63 104  49 129  69  58 155  28 114