     | C1  C2  C3  C4  C5  C6  C7  C8 C9 C10 C11 C12
----------------------------------------------------
  R1 | 31  89 115   4  98  40   3  39 72  83  43  10
  R2 | 74 104   8 100  96  68  71  84 54   7 111  19
  R3 | 59  46 101  18  79  41  76 105 14  64  80  69
  R4 |  6  67  36 108  58  63  53  99 88  34  62 113
  R5 | 86 107 117  52  81  56  94  75 91  15  60  25
  R6 | 66  65 103  26  73  85  90 109 11 112  50  29
  R7 | 44  55  51  20  93  12  42  48 49 119  32 102
  R8 |  2  27 114  45  16 116 118  13 35  23  57  24
  R9 | 97  28   9  17 106  38   1  61 77  33 120  21
 R10 | 82  92  95 110  78   5  30  37 47  87  70  22