     |  C1  C2  C3  C4  C5  C6  C7  C8  C9 C10 C11 C12 C13 C14 C15 C16
----------------------------------------------------------------------
  R1 | 116 107  43   9  88 156  73 139  79  27  14  82 155 108   5 119
  R2 | 138  67 105  84 104 136 145  62  48  10  19  16  96  85 154  53
  R3 |  25  21  50 148  92 144  97  24 150  29  54 123 113 140 142 122
  R4 |  77  81  52  32  55   1 129  56  36  95   7 127  40 134   6  31
  R5 | 158 149 120  93 121  59 152  18  57  64 118  71   2  75  30 125
  R6 |  47 147  39  70 146  60  23  46  45  26  63 157 151  17 132 100
  R7 | 159  89  38 124  15  87 135  33  86 101  20  35  74   4 117  28
  R8 | 102   8 111 112  78  91  61 131  41  44  42  13  49 141 153  66
  R9 | 128  22 133  51 143  98  34  72  68  76  12 109   3 106 160 126
 R10 | 114 110  99  58  37 137  11  80  83  90 103  94  65  69 130 115