     | C1  C2 C3  C4  C5  C6  C7  C8 C9 C10 C11 C12
---------------------------------------------------
  R1 |  6  47 64 115  26  15  29  30  8 110  14 106
  R2 | 51 116 46  65  98   4  58  55 20  42   3  41
  R3 | 72  43 44  36  23  13  73   2 16   5 117  21
  R4 | 38  62 77  95  60 104 103 118 84 120 109  83
  R5 | 45  59 52  69  33  70  22  27 35  94  17  19
  R6 | 93 102 32  92  25  66  97  85 53   1 105  48
  R7 | 81   9 37  90 112 100  68   7 18  86  91  39
  R8 | 74  82 87  88  12  67  99  80 76  79 114  50
  R9 | 31 113 78  75  49  54 107  24 71  89 108  57
 R10 | 11  96 34  63 119  56  10  28 40  61 101 111