     |  C1  C2  C3  C4  C5  C6  C7  C8  C9 C10 C11 C12 C13 C14 C15 C16
----------------------------------------------------------------------
  R1 |  87  35 126  42  69 120   3  21   4  27 102  71  70  23 110 140
  R2 | 121 109 123  91  99  65  49  88  11  26 124  24  95 143  47 115
  R3 |  33  92 101  34  38   7 105 141  25 146  51 104  79   6  40 137
  R4 |  86 159  43 128 139  48 116 148 112  85  13  32 160  94 113  59
  R5 | 118  46  28 136  68  81  44  77  41  55 127  52 151  78   1  72
  R6 |  96 130 144  66 152 114  54  31  10 129  75  22  76 100  98   9
  R7 |  17 132  93  64 117  74   5  57 111  90 107 103 149 125  39 138
  R8 | 131  80   8  56  18  82 133  20  62  19  36 106  63 158  30  67
  R9 |  60  29  58  89   2  83 119  12  45 142 134 145 108 147  73  50
 R10 | 156  84  37 122 150 153  61 157  14 155  53 154  16  97  15 135