     |  C1  C2  C3  C4  C5  C6  C7  C8  C9 C10 C11 C12 C13 C14 C15 C16
----------------------------------------------------------------------
  R1 |  82  19  40 113 155  33   4 147  34  79  63  97   7  76  73 136
  R2 |  30  70 111  80  95  75  10 116 143  72  96 160 126 133 152 148
  R3 |  14  25 146 150 103 112 120  13  21   8  22  55  88  81   3  24
  R4 |  93 137 121 157 140 101  17  86 128  15  57  74 130 129 151  45
  R5 |  53  11 117 107  18  60 102 141  41  59 134   6  56 154  39  16
  R6 | 105  31  47 119  87  38  35  26  20  61  91  98  48 123  84  12
  R7 | 131  29 124  85 108  32  77  44  71  37  90 122  94  50 125 156
  R8 | 153  65  58   5 132  51  36  99 118  42 110 159  78  52  83 158
  R9 |  92  66 114 115 144 138 149  89   2  27  54 135  43  46  23   1
 R10 | 100  28 106 145 142   9 109  69  64  68  49 104 139  62 127  67