     |  C1 C2  C3  C4  C5  C6  C7 C8  C9 C10 C11 C12
----------------------------------------------------
  R1 | 102 38  74  14  65  60  56  2  89  91  18  68
  R2 |  39 75 101  72  81  23   7 10  82  21  43 118
  R3 |  30 59 110 109  48  27 117  3  88  22  37 119
  R4 |  64 62  95 120  78  52  35 98  86  90  80  34
  R5 |  84 71  29  83  11  53  76 58 113  94  49  28
  R6 | 107 24 108  79   4  50  70 97 105  46  93  87
  R7 |  25 42  51  77  12 106  63  8  73  16  96 100
  R8 |  31 92  13  45  47  17  85 41  40  55 103  99
  R9 |  20 69   6  33 115  26 104 44 111  57 114   9
 R10 | 116 54 112   1  66  32  15  5  61  67  19  36