     |  C1  C2  C3  C4  C5  C6  C7  C8  C9 C10 C11 C12 C13 C14 C15 C16
----------------------------------------------------------------------
  R1 | 107  43 120  82 143  63  45 148  59 152  36  69 136  86 141  98
  R2 | 112  78  10  85  54   4  96  34  51   3  18 118  80  92  58  75
  R3 |  16  71  30 117 153  99 132 145  64 159 126 122 154 123  12  61
  R4 |  33  95 144  20 138   8  73  76 131  44  28  53  56 100   6 116
  R5 |  88 109 127 151  79  42  19   7  72 115  40 150 101 121  26 119
  R6 | 130  21  41  84  90  55  49 147   2 104 129 135 133 102 103 111
  R7 |  65 157  32 105 160  83 158 137  57  15  50  39 134   1  81  94
  R8 |  14  60 139  91 128 149  93  31  29  87   9  89 113 156  37  22
  R9 |  48 125 110  25  68  67  13  70  35  24 155  17   5  38  74  52
 R10 |  23 108  77  97  47 114 124 142 146  62 106  46  66 140  27  11