     |  C1  C2  C3  C4  C5  C6  C7  C8  C9 C10 C11 C12 C13 C14 C15 C16
----------------------------------------------------------------------
  R1 | 106  17 151 118  66 133 114  32 122  27 131 130 108  93  88 127
  R2 |  12   7  84  41  38  35  20  22  73 154  24  53  89 119 135  96
  R3 | 134 125 153  64  44  85 158  55 137 144  33   1 100 140  10  13
  R4 |  98  94 152  19  97  80  72 113 128  34 143  83   2 121  52  36
  R5 |  46   9 120 159  99 129  71  45  51 110  74  50 155 101 146  63
  R6 |  95  57  79 156  11  70 111  40  90  18 126  48  29 124 149  31
  R7 |  26  37  59  14 109  62 141   5  39   6 103  92  86  77  28 112
  R8 |   4  43 136 160 104  78 107 123  81  60  91 139  67  49  61  87
  R9 |  69 115  56  15 145 117 147 150  58 148  30 102  21  54 142 132
 R10 |  47  82  68 105  42  76  23 157   3  65 116 138  75   8  25  16