     |  C1  C2  C3  C4  C5  C6  C7 C8  C9 C10 C11 C12
-----------------------------------------------------
  R1 |   1  33  76  73  26  36  78 68   6  60 115  72
  R2 | 111  47  56  24 100  37 109 94 102  41  30  10
  R3 |   3  85  23  16   9  93  12 49 120  88 103  57
  R4 | 108  18 112  71  17  52  20 98 104  69   8  28
  R5 |  35  53  97  91  11  31 114 42 106  40  58 101
  R6 |  19   2  64  44  25 107  67 81  32  95  54  99
  R7 |  13 113  21  70  45  83  46 59  90  50  75  48
  R8 |  29  89  77  22 105  39   7 79  14  87 117  66
  R9 |  51  38  74   4  15  55  80 84 119  96  92 118
 R10 |  65  43  27 110  61  34  62 63 116  82  86   5