     |  C1 C2  C3  C4  C5  C6  C7  C8  C9 C10 C11 C12
-----------------------------------------------------
  R1 | 106 20  70  29 114  47  48  81 111   3 118  23
  R2 |  22 73  18  34  58  83 119  79   4  89  71  93
  R3 |  11 63  26 112 103  35  44  40 109 120  37  94
  R4 |  74 86  14  82 115  97  16  17  59 104  90  88
  R5 |   5 24 108  39  49 110  43  55  31  32 117  28
  R6 |  92 76 116 102 105  46  95 101  21  72  38  99
  R7 |  54 91  61  60  66  25   6   7  30  41  19  51
  R8 |  78 80  67   9  15 100  84  69  64  56  75  77
  R9 |  36 57  87   1  27  85  45  42  68   2  53 113
 R10 |   8 12  13  10 107  33  50  62  65  52  96  98