     |  C1  C2  C3  C4  C5  C6  C7  C8  C9 C10 C11 C12 C13 C14 C15 C16
----------------------------------------------------------------------
  R1 |  72 107 116 102  17  10 117 157 143  77   9  39 122  29 126  60
  R2 |  15   8  18   7  19 108  13  91  53  23  11 138 106 141  93  45
  R3 | 104 131   4 120 150  63  92  27  64  34  51 121   5 137  98  99
  R4 |  56 112  82  20  41  61 115  32 148  47  87 109  65  35 132  38
  R5 |   6 113  83 128 130  84  55 123 159  81  54 127 110  76 103  70
  R6 | 135  48 146  95 152  86 156  73 151   3 100  49  57  28   1  25
  R7 |  79  21  52  58  33 133  31  24  40  50 147  62 139 118  88  67
  R8 |  94 124 119 154  37 114  16  68  71 129  90 111 155 149  69  96
  R9 |  85 142  78  43 140  74 153  44  30  46  12 125 160  26  42 134
 R10 | 105  80  89 144 158  59  75  66  22  97 145 101  36   2 136  14