     |  C1  C2  C3  C4  C5  C6  C7  C8  C9 C10 C11 C12 C13 C14 C15 C16
----------------------------------------------------------------------
  R1 | 126 139  59 125 127  96 108  32  14   4  16 133  64  11 147   9
  R2 |  50   2  82  88 141  66 100  23 112  52 157  73 153  42 140   3
  R3 |  97 117 150  67 120  78  36  90 111 130  21  99  12   7  20 103
  R4 |  47 142  29 160 116 123  92  81  84 156  46   6 136  57 152 151
  R5 |  53 104 143  94 129  25  91  80 158  13 109  18  83  72  48  33
  R6 |  71 131 119  51   1  31  69  22 122  87  58  49 146 154 134   8
  R7 |  34  86 132 138 155 135 105 149  61  26  38  89  76  30  56 148
  R8 |  75  37  93 110  79  77 106 101 145  54  68  24  98  35 102 137
  R9 | 159 121  43 114  10  40  70  15 124 118  39  55  17 128  27  28
 R10 |   5  74  62  44  19  63 115  41  65  60  85 107  95 113 144  45