     |  C1  C2  C3  C4  C5  C6  C7  C8  C9 C10 C11 C12 C13 C14 C15 C16
----------------------------------------------------------------------
  R1 | 151  92  44  10  51 119  39 105   7  54  18 138  65 150  23   2
  R2 |  59  34 126 155 134 104  53 117  31  35  26  89  81  13 141  16
  R3 |  82 101 107  49 142   8 135  98 132  32   5  42 159  14  62  66
  R4 | 130  78 103  91 128  52  94  97  58 147 160  12  45 143  40 139
  R5 | 121 148  68 157 106  79 144  19  56  50 112 152  20  33   4  74
  R6 |  80 153  43  61  86  71  85   9 116  72 113 118  70  22  17  99
  R7 |  27  46  37 110  11  29 109  60  83 140  30  73 123   6  57  25
  R8 |  38  69  90  95 129 145 154  47 124 115 100 111 127 156 122  48
  R9 |  96  87  21 120  64 137 108 114  67   1  88  76 133 125 131  84
 R10 |  55  63  75   3 158  24 149  41  36  77 136 102  15  28 146  93