     |  C1  C2  C3  C4  C5  C6  C7  C8  C9 C10 C11 C12 C13 C14 C15 C16
----------------------------------------------------------------------
  R1 |  71  99 125  44 113   3  96  92 137  79 110  65 153  19  34  47
  R2 |   2   6 141  55 146  36 114 150 144  20  31  62  40 128  28 143
  R3 |   5 139 160 133 147  23  43  97  90  53  37 119  58  15  52  91
  R4 | 158  45 106  56  17  48   1 120  80  21  54   9  87  67  10 130
  R5 | 123  16 154 104 131  46  38 101  25 126 138 107 148  24  68  88
  R6 |  22  86   8 149 140  33 124  84  41  50  14 102  77 157  39 112
  R7 | 151  94  66  11  93   7  27  35 145  13 129 118  30  64 116 159
  R8 | 109  75  18 115  76  29  59 117  69  89 111  49 132 136  70  51
  R9 |  74 142  60  42 121 134  83  32 127  63 105  73  95  82  81 122
 R10 |  61 103  78 108 155  57   4  26 135  98  85 156  72  12 152 100