     |  C1  C2  C3  C4  C5  C6  C7  C8  C9 C10 C11 C12 C13 C14 C15 C16
----------------------------------------------------------------------
  R1 |  25  50 113  48 143 132  64 145 146  70 152 160  12  55 103  28
  R2 | 115  27 138  36  80 150 139  74  53  54  19  34  20  90  11  40
  R3 |  60  30  45 141  49  88  43  92  21 126 134  15 128 142  76  44
  R4 |   1  81  51 158  22 156  58 111 154 105  87  46  85  37 102 125
  R5 | 101 110 107  57  33  63  69 137  62  97  95  41 159 131  71  61
  R6 |  79  73  18 140  59  78   3 122  47 130  68 108  75  14  93   9
  R7 |  77  84 114  16  83 144  66  67  13   4 117 119 149  91  42 109
  R8 | 120  32 124 133  65  39   6  52  72  17  86   2  89  99  94 112
  R9 |  98  96  56 153 135  29 127 118  26 148  35   8   5  23 104   7
 R10 |  10 116  38 136 151 129 106 100  82 121 123  24 157 155  31 147