     |  C1  C2  C3  C4  C5  C6  C7  C8  C9 C10 C11 C12 C13 C14 C15 C16
----------------------------------------------------------------------
  R1 |  52   2 118 125 109 111 158  20 106  72   3 139 120  45  36   7
  R2 | 150 137  66 136  73  67  11 104 112 107  47  46  74  18  99   5
  R3 | 143 156 144  61   4  89  56  91 127  80 147  62 110  17  64 128
  R4 |   1 102 145  70  19  30  79 160 117   9 132  16  35  83  22 123
  R5 | 134 149  41  85  77  78 146 159 130 124  75  15  69  42  38   6
  R6 |  24 153 140  43 135 138 148  90 142  51 108 157  48  31  82  81
  R7 |  63  37  84  65  88  59  54 100  68 101  29 103 105  21  32  13
  R8 | 133 154  55  49  96 119  34  92  10  25  39  71  93  50  27  53
  R9 | 131 116   8 129  28  60  94  14 122  57 126  97 151 115  58 114
 R10 |  44  40  86  87  76 152  33  23 121 141  26  12 155  95  98 113