     |  C1  C2 C3  C4  C5  C6  C7  C8  C9 C10 C11 C12
-----------------------------------------------------
  R1 |  13  64 62  31  24  11  37  63  33  41  82  50
  R2 | 116 103 65  58  43  95 118 101  46  67  10   2
  R3 |  74 111 30  96 114   1  51 102  55  92  18 105
  R4 | 110  56 81 107  16  91  48  94  71 113  22  44
  R5 |   8  27 79   3  12  87 112   4 117  66  47   5
  R6 |  32  85 60  36  26  35  86 109 100  28  52  25
  R7 |  90 115 21  98 104  72  17  93  49  70  97  84
  R8 |  53  38 45  39   9  77 119  42  54  19  34  88
  R9 |  29  78 76   7  69 106   6 120  14  15  40  20
 R10 |  57  61 59  89  80  99  23  83  68  73 108  75