     | C1 C2  C3  C4  C5  C6  C7  C8  C9 C10 C11 C12
----------------------------------------------------
  R1 | 97 39  54  84  31   5  56  52 103 100  63  77
  R2 | 23 48  40  85  17  49  35  19  61 116  43 109
  R3 | 64 76  89  37  15  14 108  78  33   6 106  93
  R4 | 16 27 112  69  41  44  91  47  25  80  57 102
  R5 | 22 79  92  10 119  59  96  46  86 101 105  83
  R6 |  9 24  11 120  36  88 114  29   7  94  67 111
  R7 | 95 26  75  71  65 115   4  90  55   2  99 118
  R8 | 30 13  62  38  51  82  12 117   8 107  98  60
  R9 | 73 68  66  50  81  53 110 104  28  72  58  20
 R10 | 74 21 113  18   3  45   1  32  70  34  87  42