     |  C1  C2  C3  C4  C5  C6  C7  C8  C9 C10 C11 C12 C13 C14 C15 C16
----------------------------------------------------------------------
  R1 | 104 101  66 103  13  36 140  58 144 109 138 142  30 118  31  48
  R2 |  23  17  24  81 147   9  51  62  19   7  78 150  44 160  57  91
  R3 |  21  71 106 148 102  12  68 116 137  63 134   4  87  67   1 120
  R4 | 126  11  79  29  56   3  77 155  10  72  32  28 100   2 107  61
  R5 | 128 153  70 146 125  73  95  35  39  98 132  59  14  25  65 156
  R6 |  69  76  26 151  47 130  46  53 154  86  45  60 122 149 141  80
  R7 |  42   8 123  90  97  50 133  37  92 159  89  83  49  52  18 110
  R8 |  33  41  82 108  88  27 121 136  16  74 112 127 117  84  64 119
  R9 | 114 152  55 105  34 139  94   5  22 131  99  15   6 129  96  75
 R10 | 143 135  38  40  54 111  43 124 157 145  93 115  85 113 158  20