     |  C1  C2  C3  C4  C5  C6  C7  C8  C9 C10 C11 C12 C13 C14 C15 C16
----------------------------------------------------------------------
  R1 | 111  49 101   2  59  95  55  61  87 113  76 115  40  70  33  58
  R2 |  92 141 123 159  20  66  27 126 105  80 110  88  45  71  23 148
  R3 | 122  68  91 129 120  16 118  74   5 104 139  79  39   8  98  75
  R4 |  53  72   7 114 143 145 142 137  94 136  93  69 134 155 150  13
  R5 |  89  18 160  64  96  82  73  37  85 132  14 146  57  35  63 157
  R6 | 119 106  47 125  31 156  67  25  24  83 138   3  90 154  26 147
  R7 | 130  65 124  15  10  50  99  29  84 153  46   9 128 158 144 109
  R8 |  86  54  12 116 135 127  19 121  48  34  38  44  43  52   6 133
  R9 |  30  36 131 112  78 149   4 152   1  60  56  21 108  41 100  97
 R10 |  32 151 102  42  22  51  81  77  17  62 140  11 117 107  28 103