     |  C1  C2  C3  C4  C5  C6  C7  C8  C9 C10 C11 C12 C13 C14 C15 C16
----------------------------------------------------------------------
  R1 |  44 130 145 102  35  37  51  32  67  27  96  59  11 116 119 141
  R2 |  42  70   2  75   5   9 109  54   1  58  89  49  56  82 144 134
  R3 |  10  17  97  40 115  79 106  29  43  41 140 128 117 152 147 103
  R4 |  28  64  66  85  63  65 148  16  86 113 129  25  74  55  94  80
  R5 | 139 123  62  71 149  21 150   7   6 159 108 158 131 104  69  18
  R6 | 153 111 135 125   4 143 114   3  22  93  77  38 138  87 133 136
  R7 |  57  88   8  48  47 118  99 156 137 112  12 157 110  84  95  15
  R8 |  73  20  13 107  98  33 122  83  72  53 105  45  31  34 155 132
  R9 |  52 160  50 154  19  91  61  90  14  76  26  78  30  68  60  36
 R10 |  81  92 101  46 142 127  39  23  24 146 151 120 126 100 124 121