     |  C1  C2  C3  C4  C5  C6  C7  C8  C9 C10 C11 C12
------------------------------------------------------
  R1 |  49 106  32  51  45  95  38  79 108  71  60  73
  R2 |  76  70  93  65   3  24  72  14 117  10  13  59
  R3 | 120  92  12   8  29   2 114  17 102 107 116  15
  R4 |   1  58  31 112 105  48  98 110  43  42  81  39
  R5 |  77  99  20  90  62 109  25  86  87 103  11  97
  R6 |   7  35  67  21  18  52  64  40 100  54  55  63
  R7 |  50  80   4   5  57  89 101 104  30 111  37 119
  R8 |  19  16  66  69  33  36  82  47  22  41  84  83
  R9 |  74  85  88  34  53  94   9  78   6  23  44  27
 R10 |  75  91 115  28  96  26  46  56 118 113  61  68