     |  C1  C2  C3  C4  C5  C6  C7  C8  C9 C10 C11 C12 C13 C14 C15 C16
----------------------------------------------------------------------
  R1 | 105 131 129  48  76  60  61  35  36  94 127 153  44 100  13 140
  R2 | 107  88  25 158 125  98   6  81  82 126 148 132 154  95 121  72
  R3 | 128  32 134  12   2 152  21  49  14  33 120  66  85 109  84 112
  R4 |  58  10  62  30  27 114   5   3  79 160 144  18  34 106 146 119
  R5 | 118  73 143 122  31  89  19  78 141  43  99  86  39 142  56  70
  R6 |  59 123 116 147   7  50   1  16 111  29 151  93  69 149  15 150
  R7 |  37  38  64 110  42 108  65  96  67  46 103 157 124  54 117  11
  R8 | 104   9  74  53 137 135   8  63  57   4  22  87  55  68  77  20
  R9 |  80  40  71 145 156 133 113  97  23 136 101  90  83  92  41 130
 R10 |  52  51  47  26  91  28  24 139  17 155  75 138 102 159 115  45