     |  C1  C2  C3  C4  C5  C6  C7  C8  C9 C10 C11 C12 C13 C14 C15 C16
----------------------------------------------------------------------
  R1 | 125  74  18  43 111 106  76 112   7  62 136 146   2 149 121  82
  R2 | 158 138  58 107 120 148 152   8  28  12 137 151  59  24 139  38
  R3 | 115 155 132  19  96 127  86  68 140  63  16  17  32  93   5 103
  R4 | 117 133  25 142 141 113  34 104 119 108   4  31  57  48  30  90
  R5 | 101  14  78 100  65  99   9  70  46  71 128 131  54 126  88 147
  R6 |  41  50  33 105 102  42  53  72 118  61  29  97  91  47 130  60
  R7 | 150  83  75  35  21  23 124 116  55 144  80  52  79  45  85  37
  R8 |  20 122 135  22  98   3  44 157 154 143  27  89  95 109  15 114
  R9 | 159  67   6  92  36  11  40 156  49 129 134  81 145  73  51  13
 R10 |  39 160  56 110  64  69  66  87  77 123 153  84  94  26   1  10