     |  C1  C2  C3  C4  C5  C6  C7  C8  C9 C10 C11 C12 C13 C14 C15 C16
----------------------------------------------------------------------
  R1 | 113 123 160  97  71 149  58  20  56 126  30  94 157  85  57  84
  R2 |  31  34 110  70 135  41  42  53 137  32  55   7  59  73 148 147
  R3 | 151  23  19 143  11 139   5  87 120 101  38   1 138   2  81  22
  R4 | 106 133  14 127  83  47  36   9  33   3  40  10  63 150 144 155
  R5 |  75 112  44 118  15 109  24 116 131 152  48 142 102 122  65 136
  R6 | 140 159  62 134   8  80 146  46 132 156  68   6  17  88  21  96
  R7 |  12  25  91 117  43  77 114  51  78  61 145 115  52  90  67   4
  R8 |  66 124 105  69  27  82 153  76  16  18  98  26  37 103  28  74
  R9 |  79 129  86  92  45  35  99 158 108 104 128 107 154 100 111  54
 R10 |  95  39  72 141  93  89 119  29 121  49  50  60  13 130 125  64