     |  C1  C2  C3 C4  C5  C6  C7  C8  C9 C10 C11 C12
-----------------------------------------------------
  R1 |  70  12  26  3 107 115  91  57  63  24  45 113
  R2 |  78 105  37 89  76 119 106  17   6   9  98  14
  R3 |  73  93  46 40 120 116  68 114 112  54  38  65
  R4 |  50  44 103 42  74  81  71  88  47   1  31  16
  R5 |  29  58  87 18  55  43  59 100  28  21  27  53
  R6 | 108  22  77 72  13  92  79 102  62  30  83  60
  R7 |  56  64  52 32  86  80  36  82   2  97 117  95
  R8 |  99  75  67 19  84  34 104 101  25  11 109  51
  R9 |   5 118   7 41  96   8  23 111  10  94  61  48
 R10 |  20  33  69 85  90  66   4 110  15  39  49  35