     |  C1  C2  C3  C4  C5  C6 C7  C8  C9 C10 C11 C12
-----------------------------------------------------
  R1 |  81  52  20  14  21  45 74  57  60  48  63  19
  R2 |  53   9 115 102  77  58 49  22  68 105  38  56
  R3 |   2  70 112  66  78  35 34 120  26  42  44  47
  R4 | 107  11  17  40 110  75 79   5  84  62  50  39
  R5 | 100  64  87  51  25  13 94  23  36  41  27  73
  R6 |  71 108   8  92  28 114 32  82  33  15  43  97
  R7 |  30  16 118  65  61 109 80  89  12  10   3  88
  R8 |  29   4  37  46  69  76 95 111   1  96  93   6
  R9 |  18 116  67  59  55   7 72  83 117  31  91 106
 R10 |  90 119  54  24 101  85 86 103 104  98 113  99