     |  C1  C2  C3  C4  C5  C6  C7  C8  C9 C10 C11 C12 C13 C14 C15 C16
----------------------------------------------------------------------
  R1 |   9   5  30  93 133  33  50   3  89 140 148  58 107  41 143  56
  R2 | 157 160  91 142   6  32  98  77  73  81 122  46  15  17  36  82
  R3 | 144  68 124 152  45 156 110  22 155 125  60 130 134  31  67 150
  R4 |  86  42 102  85 153 117  34 109  96  26  51  39  62 111  55  16
  R5 |  70  21 104   8  37  75  63  44 131 136 115 141 103   7  54 106
  R6 |  27 149  12  65  87 145  14  29 135 116  90 100 121 132 151  40
  R7 |  76  43   2 119  71  19  49  38  18 112  79 139  47  94  10 158
  R8 | 138  35 137 105  88  83 118  48  25  52  92  69  99  57 159 128
  R9 |  59  95  23  78 120  28   1  64   4 113  66  74 146  72  11  61
 R10 |  24 129  97  53  13  20 108 127 126 123 114  80 101 154  84 147