     |  C1  C2  C3  C4  C5  C6  C7  C8  C9 C10 C11 C12 C13 C14 C15 C16
----------------------------------------------------------------------
  R1 |  66 149  53   4  16   7 115  19  83  65 152  74 155  96  61  78
  R2 |  73  50 157 136  13   6  77  10  32  22 123 103 120  35 109  27
  R3 |  97 132 119   1 141  38   2  34 118  59 110  99  45 137 117  60
  R4 | 144  86 116  72  57  92 102  33  91 139 121 131  42  93  28  17
  R5 | 105  84  70  80  20 150  51  82  26 127  30 153 146  21  76  48
  R6 |  71  52 128  37  89  47 106 147 145  23  29 107 112  54  62 151
  R7 | 111  43 126  11  81 154 138  94  49  56  87  63  98 101 104  36
  R8 |  67   9  95  18  75 133  14 160 148 122 114  69 113 134  90 130
  R9 |  39  25  64  40  12 129  68  15 124  46 156   8  31  58   5 159
 R10 | 143  88 125  41 100  79 142  85 108  24 140 158   3  44 135  55