     |  C1 C2  C3  C4  C5 C6  C7  C8  C9 C10 C11 C12
----------------------------------------------------
  R1 |  12 23  73  85  66 86 120  76  45  41 103  16
  R2 | 107 53  71 118  94 64  83  99 104  26  37  59
  R3 |  32 33  91  18 105 61  79  65  56  15  74  34
  R4 | 119  7 113 109  19 89  38  50 111  88 112   8
  R5 |  62 14  60  55  87 67  25  68  82  75  20 115
  R6 |  80 95  30  40   5 36  54  43  49  39  57  97
  R7 | 102 51  42  44 106 28   1  63  22   6  10 116
  R8 |  11 52  29  24  92 31 117  93  48  27   4  81
  R9 |   3 70  90  72  21 78 110 100 101  98  35 108
 R10 |  58 84  47   2  17 96  46  13 114  77   9  69