     |  C1  C2 C3  C4  C5  C6  C7  C8 C9 C10 C11 C12
----------------------------------------------------
  R1 | 116  64  3 107 104 105 118  85 93  76  11  99
  R2 |  63  29  4 111  78  28  49  84 10  92  90  91
  R3 | 103 114 35  37  50 112 110   7 12  62  17  24
  R4 |  98  81 75  96 101 113  16  77 13  72  27  59
  R5 |   9  52 83  26  97  48  57 120 21 117   1  66
  R6 |  55  44 14  31   8  53  20  61 33 115   5  80
  R7 |  70  39  2  67 108  23  87  69 22 102  95  36
  R8 |  79 100  6  68  40 109  58 119 15  73  89  30
  R9 |  25  42 71  18  86  74  19  46 56  60  82  54
 R10 |  51 106 65  88  41  45  32  34 94  38  43  47