     |  C1  C2  C3  C4  C5  C6  C7  C8  C9 C10 C11 C12
------------------------------------------------------
  R1 |  68  99   8  89  20  50  28  49 102  10  84  42
  R2 |  75  44  31 113  45  39  46 108  23  47  97 101
  R3 |  65  83 109  67  56  35 114  15  33  87   4   1
  R4 |   5  52  18  27  12  96  38  21   7  90   6  22
  R5 |  95  24  30  34   3  78  69  88  36  66  70  62
  R6 |  55  60   9  37  86  19  26 118  32  29  63  81
  R7 |  72 115  98 103 117 105  71  13  77  11 110  91
  R8 | 111  58  51  41   2  57 119 112 100 116  80  43
  R9 |  48  93  16  73  79 104  54  82  64  92  53  25
 R10 |  76  59  74  14  17 106  40  85  94  61 120 107