     |  C1  C2  C3 C4 C5 C6  C7  C8  C9 C10 C11 C12
---------------------------------------------------
  R1 |  75  97  65 26 14 54 116  64  84 107 113  36
  R2 |  45  47  44 34 55 79  43  80  56 117 102  31
  R3 |   2  46  78 19  5 11  81  42  95 100 109  49
  R4 | 115  22  37 98 96  9  13  24  20  21  53 119
  R5 | 103  90 105 48 94 27 110  15 101  87  12  10
  R6 |  77 106  82 17  7 33 111 112  35  25  83 118
  R7 |  67  41  85 88  3 58  68  40  73  70  61  59
  R8 |  92  91  93 32 16 72  30   4  29  23  28   1
  R9 |   8  86  74 57 52 51   6  60  66  39  62 104
 R10 |  18  99 114 76 63 38  71 120  89 108  50  69