     |  C1  C2  C3  C4  C5  C6  C7  C8  C9 C10 C11 C12 C13 C14 C15 C16
----------------------------------------------------------------------
  R1 | 128  29 151  41  97 107  92  65  14  19   8 142  33 106 149  62
  R2 |  54 138  89 105  82  58   4  38  76 111   9 153 110  86  81 118
  R3 |  26 148  22  64  63 143  74  42  67  11  39  24  98  87 140 150
  R4 | 121  61  53 123  70 135 144 156 136  32 114 103  46  45  56  28
  R5 |  96 154  20  83   6 129  90  49 124 146  36 159  47  72  44  73
  R6 |  43 133  10 147 130  66  34  16 139 116  12 145  60 102  95 157
  R7 | 132  75 160 109  69 101 152  94  99  15   2   5 113 141  59  91
  R8 |  17  13  71  18  88 119  50 127  68 108  52  78 104 100  35  48
  R9 | 134 125  51  25  85  21  30   1  40   3  77  84 112  79   7  37
 R10 |  55  23  93 126 155 122  80  31 131  27 158 117  57 137 115 120