     |  C1  C2 C3  C4  C5  C6 C7  C8  C9 C10 C11 C12
----------------------------------------------------
  R1 |  19  39 45  47  41 101 48  68  88 108  70   4
  R2 |  44  42 78  58  80  24 27  53   9  15  55  21
  R3 | 102  14 92  28   6  18 33  93 119 109   5   8
  R4 | 107 105 65  97 100 110 95  54  76 118  56  46
  R5 |  35  32 40 111 117  38 83 115  57 112  64  51
  R6 |  77  10 86  43  96  11 98  73  49  50  29  36
  R7 |  90  84 34  59  66  17 67 116  12  61 113 114
  R8 |  72 104 23  22  91  37 79  52  60  82  81  31
  R9 |  26  62 69  75  71  87 94  13  85  63 106  30
 R10 |  99   2 74   7  25 103 20  89  16 120   1   3