     |  C1  C2  C3  C4  C5  C6  C7  C8  C9 C10 C11 C12 C13 C14 C15 C16
----------------------------------------------------------------------
  R1 | 108   2 122 109  74 119 124 155  34  87  63  73  20  70 153  22
  R2 |   8  12  71 128 146  72 150  97  19  89 104 116  37  59  25  31
  R3 |  26  77 111  75 118  13  64  93  56 145  39  57  43 140  95  41
  R4 |  23  35 100  81 102 117  82 136 157  46   1  86  69 114  84  10
  R5 | 103 149  60  49 152   6 156 143 147   4  65 142  91  17 127  80
  R6 |  45   7  99 133 154  14 112  16 141 107 151  47  44  88 126  38
  R7 | 132  62 130 101 135 125  79  61  15 138 144  92  52  51   3 106
  R8 | 123  94  29  28  32  11  67  54  76  30 105  96 131 120  85  48
  R9 |  53  33  42 158   5 110 159 134  36  18  40 137 160 139  66  24
 R10 |  58  83  78  68   9 115 113  55  21  98  50 121 129  90 148  27