     |  C1  C2  C3  C4  C5  C6  C7  C8  C9 C10 C11 C12 C13 C14 C15 C16
----------------------------------------------------------------------
  R1 |   8  71  37 104  87 129  46 105 145  96  79 121  51  29  60 128
  R2 |  35 150 112  13  33 142  34  94  55  92 134 130  80 140 156  14
  R3 | 109  85  15 146 149  88   7 155  81  16 101 113  70  77 152 136
  R4 | 153 124  23 115  54  66  28 120 116  58  42  25 154  99  93  26
  R5 |  61 159  57   3  90   2  21 100  30 141 160  97  64  82  75 143
  R6 | 148  43  53  32   4 131  48 138  98 135  86   1  63 114  27  39
  R7 |  41  78  31   6  83  49  73 126  59  84  91 147  45  68 108  19
  R8 | 102  69  44 133  89 157  65  67  38 158  12 122 144  72   5  40
  R9 |  11 107  76 111  36  22 118 103  95  10 139 132  24  18 119  47
 R10 | 123 117   9  50  52 125  62 127 110 151  56  17 106  20 137  74