     |  C1  C2  C3  C4  C5  C6  C7  C8  C9 C10 C11 C12 C13 C14 C15 C16
----------------------------------------------------------------------
  R1 |  45  76  78 153  52  33 159 106 134 151  36  62   6  68  53 157
  R2 |  73  80  75  26 147  92  25 138 142  90  30  83  39   3 122  18
  R3 |  66 145 123 129 154 104 131  21   4  82 155  81 110  23 133   1
  R4 | 139 117  46  44  42   2 156 140  98  95  58 103 115  87 113  34
  R5 |  59  47 158  10  51  48 101  56  11  63 126  74  38 121  37  96
  R6 |  93  64 100  24 150 127  40  15 146 125 108  57   9  43  16  32
  R7 | 120 135 160 116  22 132 143 152 141  85 114  91  31  27  12  77
  R8 | 105  54 149 136  84  60   5 124  28  29 109 130  19  70   7 112
  R9 |  79 119  94  65  35  14  20  71  49  97 148 137  41 102  67  50
 R10 |  17 111  99 128 118  89  86  88  55  61  13 107 144   8  69  72