     |  C1  C2  C3  C4  C5  C6  C7 C8  C9 C10 C11 C12
-----------------------------------------------------
  R1 |  80 112   3  66  19  15  54 59  37   5  56  10
  R2 |   7  67  27  91  26  51  68 39  95  85  57  65
  R3 |  45  98 105 100  31  55  60  9 114  75  97 108
  R4 |  96  46  17  47  64   4 119 18  99 104  70  28
  R5 |   2  36  50  87  63  34  69 92   6  73  83  89
  R6 |  42  14  84  86  33  49 101 40  71  24 102  58
  R7 | 116  62  77  82 103  78  74 29   8 113  88  35
  R8 |  94  12 111  90  20   1  25 81  30  22  43  48
  R9 | 107 110 118  72  79  21  52 41 115  53 109  11
 R10 |  16 106  61  76  93 120  13 32  44  23 117  38