     |  C1  C2  C3  C4 C5  C6  C7  C8  C9 C10 C11 C12
-----------------------------------------------------
  R1 | 104  44  92 119 84   5  63   9  99  65  75  93
  R2 |  50  82  83  47 43  61 110 112  97  71  28  48
  R3 |  25 109  34 116 30 107   3  64  10   7  80  89
  R4 | 103 118 114  38 79 120  39  36  91 102  72 117
  R5 |  21   6  68  98 23  95 101  17  13  26   4  81
  R6 | 105  70 115  54  2  76  11  85  19  35 113  20
  R7 |  29  57   8  53 15  94  55  87  18  22  33  56
  R8 |  32  62  37  67 78 100  90  73  49  74  59  88
  R9 |  31  41  52  60 69  46  16 111  40  96 106  66
 R10 |  14  86  27  77 42   1  58  12 108  24  45  51