     |  C1  C2 C3  C4  C5  C6  C7  C8  C9 C10 C11 C12
-----------------------------------------------------
  R1 | 119  65 46  57  21  14  44  96  81  36  39  45
  R2 |  42  37  1  75 109 105  88 115  10  48 114  56
  R3 | 107 102 58 118  78  53  30  77  15  69  87  25
  R4 |  18  27 12  43 106  22  83  17  29  94  32  70
  R5 | 111  72 52   2  95  60  66  73  61  19  55  20
  R6 | 103  47 85  86  93 104  13  90  98  62  79  82
  R7 |   4  67 80  74  64   8  31   3  92 110  33  16
  R8 |   6  76 34  89 100  97  49   5  35  28  68  11
  R9 |  38   7 26  84  41 112 108  91 116  51  24  99
 R10 |  71 101 40 113 117  63 120   9  23  59  54  50