     |  C1  C2  C3  C4  C5  C6  C7  C8  C9 C10 C11 C12 C13 C14 C15 C16
----------------------------------------------------------------------
  R1 |   4  51 124  19  75  96  12  53  37 132 154   3  83 149 128 105
  R2 |  80  27 143  81  98  36  93  87 126  31 114  41  40 129 147  14
  R3 |  78 139  39   2 115 127 118 135 146   9 140  34  35  69  18 141
  R4 |  91  92 153  45 106 122  49 101 112  99 157  33 160  55 102  90
  R5 | 137  21  62 116  60  28  70  71   8  30 103  16  50 113   5 151
  R6 |  97  63  65 136 155 108  29  11 130  23  89 117 111 145  76  95
  R7 |  61   1 156  67  43 131 152 121 134   6  73  54  24 133  15 109
  R8 | 158  66  48  52 148  82 159  64  72  94  57  32  77 104 110 138
  R9 |  47   7  44  20  26  88  13  84 125 123 144  46  22  25  38 120
 R10 | 107  42 150  17  85  86  56  79  74 119  58  59 142  10 100  68