     |  C1  C2  C3  C4  C5  C6  C7  C8  C9 C10 C11 C12 C13 C14 C15 C16
----------------------------------------------------------------------
  R1 |  12  94 116  25  51 102  23  93 122 104  50  19  91  54  29 117
  R2 |  55 123 114  78 101   5 100 124  58  33 150 149  72   3   7  92
  R3 |  36 108  16  13   9  49 143 138 106  61 109  40  83   6 113  47
  R4 |  20  24  21  46 132  26  22 111  89  64  60 153  43  38  67 105
  R5 | 152  76  65 103  32  71  53  90 142 139 135  28 140  87 156  84
  R6 |   1 129  30 145 121  97  96  57 115 118  82 144  37  15 155 157
  R7 |  74  73  63  66   4  14  99 110 151  10  48  80 131  77 159  88
  R8 |  70  35  27 112 147  45 120  98  52 160 128  39  68  62 134  31
  R9 |  69  56 126  59  11  81   8 136  41  85 130 154 148 125 133  75
 R10 |   2 119 146 158  17  18 137 107  44  86 127  34  42  79 141  95