     |  C1  C2  C3  C4  C5  C6  C7  C8  C9 C10 C11 C12
------------------------------------------------------
  R1 | 119  65 106  89 113  19  90  93 114  98  37  94
  R2 |  47 103 107  84  28  64  10  92  30  32  13   5
  R3 |  61  73  82  39  78  60  52   1  49  87   7  59
  R4 |  46  15  70 120 108  45  91   3  51   6  53  26
  R5 |  18  14  23 116 110  80  57 117  43  74  31  85
  R6 |  95   9  36  17 101 105  44  75 118  71 112  99
  R7 |  86  16  11 109  76   2  68  67  27  24  55  22
  R8 |  33  58  62  79  97   4  81  77 111  54  21  83
  R9 |  20  38  12  29 115  25 102  72  69  88 100  41
 R10 |  42  56  35  63  50  40  48  66 104   8  34  96