     |  C1  C2  C3  C4  C5  C6  C7  C8  C9 C10 C11 C12 C13 C14 C15 C16
----------------------------------------------------------------------
  R1 |  46  12  55 104  62  92 159 121  48  85   9  88  39 134 144  34
  R2 | 113  63  10  31  41  23  97 158  64 149 152  99  15  82  65  81
  R3 | 160   2  56  33  24 115 147 108  84 116 102  74  32 120  11  61
  R4 |  71  43  18 106  22 107  79  38   3 103 110  93  83 150 155  28
  R5 | 111  57  54  29 101 128  51 114  80  98 143  95 132 157  30 145
  R6 |  16  69   7 119 123 142 153 138  60  72 139 154  59 124  87  25
  R7 | 126  19  21 131  66   1   5  53  45 136   8 100 140  49 141  76
  R8 |  52  75  35  73 118 130 109  26 137  20  89  47  36  27  42  90
  R9 |  37  86   6  91 146 117   4 135  58  50  67  94 151  40  78  13
 R10 |  96 112 122  77  44 133  70  14 129 148 156  17 125  68 127 105