     |  C1  C2  C3  C4  C5  C6  C7  C8  C9 C10 C11 C12
------------------------------------------------------
  R1 |  77  44  61  56 117  73  85  84 101  35 114  79
  R2 |  38  91 106  72 111  37  95  34   2 115  68  42
  R3 |  32  50  66  51   6  36  98  92  26 103  27  47
  R4 |  89  67 113  71  23   5  76   1  16 118   9  43
  R5 |  21  12  10  29  39  33 107  63  25  78  30  13
  R6 |  99  97  96  87  75 116  58  22  45  60  41 119
  R7 |  70  53  40  48  80 104  64  81  31  15  62  54
  R8 | 110  55  24  57  18  88   4  93   8  17  59 120
  R9 |  19  69  20   7  90 105  74 108  28  14  65  49
 R10 |  82 102 109 100  94  52  86   3 112  83  46  11