     |  C1  C2  C3  C4  C5  C6  C7  C8  C9 C10 C11 C12 C13 C14 C15 C16
----------------------------------------------------------------------
  R1 |  97 123 127  26  89 135  48 148 101  76 100  77  57  59  61  41
  R2 |  62  42  17  12  14   3  31   9  27  86 160 159  51  22  39  91
  R3 |  38  84 102  53 108 146  63  81  33  37  34  92 122  66  40  45
  R4 | 142  30  90 138  54 147 113  52   5 118 137 106  71 103  21  15
  R5 |  32 156 150 121 130  70  49  10 139  80 126  35  29 105 120 145
  R6 |  56  19  47 134 151 144 143  74 154   8 109 124  88 107   1 141
  R7 | 112  23  11  79  72  36  93 110 149 104  24  67 114 125  18   2
  R8 |   6  69 158  25  16 119 140 136   4 155  44  82 116  98 157  99
  R9 |  65 117 128 153  43  94 129  73  87  85  13  20  60 133 115  46
 R10 |  75  55  68 152  28  78 132   7  64  58 111  95  96  50  83 131