     |  C1  C2  C3  C4  C5  C6  C7  C8  C9 C10 C11 C12
------------------------------------------------------
  R1 |  35   2 114  84  46  63  82  23  38  61  94   8
  R2 |  51  89  43  93 118  97  24  39 115  22  85  67
  R3 | 101   7  49  13  98 117  25  86  70  41  31 109
  R4 |  72  14  12  58  55  19 100 104  40 110  88  87
  R5 |  34  80  44   4  57  21  26 108  37  71  32  15
  R6 | 112 119 102 106  68 105  90  79  73  76  59  52
  R7 |  27 103  54 120  60  53   9  91  42  81  29  69
  R8 |  64  95  50  36  20   6  74  47  56  78  99  75
  R9 |  18 111  30  62  16  17  45  83  77  92  28  96
 R10 |   5  48  66  65  11  10 113 116 107   1  33   3