     |  C1 C2  C3  C4  C5  C6  C7  C8  C9 C10 C11 C12
-----------------------------------------------------
  R1 | 101 11 103  89  43  18  91  50  45   7  79 106
  R2 |   6 47 100  12  39  64  53  31   5 102  59   8
  R3 |  36 38 120 118  46 113  82  92  35  76  62  24
  R4 |  55 78  27  32  17  34  41  96 111  15  99  98
  R5 |   3  9  81   1  84  80  68  57   2  87  75  37
  R6 | 116 30  86  51  61  28 112  90  66  67  40  73
  R7 |  71 70  85  72  97 105  26  25  69  56  44   4
  R8 |  60 23  54 110 108 117  33  42 114  93  13  29
  R9 |  65 77  74  20  21  19  49 115  48 119 104  14
 R10 |  95 10  22 109  63  16  83  52  88  94 107  58