     |  C1  C2 C3  C4 C5  C6  C7  C8  C9 C10 C11 C12
----------------------------------------------------
  R1 |   7  17 21  74 55  67 118 102  82  39  59  34
  R2 |  77  62 40  28 60  46  75  72  52  23   4  63
  R3 |  43  51 76  96 81  11  42  49 116  35  31  12
  R4 |  36  13 89  70 15 112  24  30 101 119  93  37
  R5 |  61 108 20   6 50 103 105  47  64  86  53 114
  R6 |  26 110 38  68 79  95 107 100  98   1  80 111
  R7 | 115  65 44  45 32   9  25  92  10  85  22 106
  R8 |   8 109 87 104 54  88  33  78  73  69 117   5
  R9 |  16  84 56  58 94 113  41  66  14  29  19  99
 R10 |  18  48 27  97  2 120  71  91   3  90  57  83