     |  C1  C2  C3  C4  C5  C6  C7 C8  C9 C10 C11 C12
-----------------------------------------------------
  R1 |  32  77  74 110  94   3   7 64  38  88  13 116
  R2 |  61  52 120  51  62  54 107 97  91  34  35  92
  R3 |  55   5 103  69  63  56  24 70  72  85 106 114
  R4 |  16 104  42  90  68  67  18 31  49  19  21 101
  R5 | 111  57  20  66  33 105  59 46  27  84  78  87
  R6 |   2  58  41  53 112   6  76 28  75  39  86  60
  R7 |   8   9  29 108  44  93  36 71 113  26  95  12
  R8 |  82 115 117 119  80  47  40 45  96  73  43  89
  R9 |   1  17   4  65  10 118  37 99  22  25 102  23
 R10 |  50 100 109  14  30  98  15 11  79  83  48  81