     | C1  C2  C3  C4  C5  C6  C7 C8  C9 C10 C11 C12
----------------------------------------------------
  R1 | 12  73 112 100  99  26 118 57  68 114   9  76
  R2 | 40  15 108  50  14  28  25 82  77  44  72  19
  R3 | 97  93  56 115  92 116   2 53  10  65  51  22
  R4 |  3  94   8  36  52  63  67 32  17  66 110 117
  R5 | 20  80 109  61 101  83  59 54  13  35 106  70
  R6 | 27  18 104  96  78  37  86 81 119   6  16  62
  R7 | 85  89  43   7  55  75   1 84  71  64 105  69
  R8 | 58 107  38 103 111  88  90 34 102  31  79  41
  R9 |  5   4 120  30  45  95  91 42  98  39 113  46
 R10 | 48  74  33  49  11  60  21 29  47  24  23  87