     |  C1  C2  C3  C4  C5  C6 C7  C8  C9 C10 C11 C12
-----------------------------------------------------
  R1 |  43  50  79  46  93 100 89   3 109 108  56  18
  R2 | 105  82  68  32  34  17 91  88  39  10  75  53
  R3 | 106 103 111 101  13  86 62  24  19  27  98  55
  R4 |  49  81 119  11  48 102 97  44 116  29  95  58
  R5 |  59 104  74  14  77  15  7  26  76  35  64   2
  R6 |  52  20  78 114  87  99 37  67  40  57  25  83
  R7 |  80  33   1 118   9   5 41  38  16  63   4 120
  R8 |  92 110  31  60  28  22 90  71  47  69  12  70
  R9 | 113  36 107  85 117  65  8 115  51  45  96  23
 R10 | 112  30  94  42   6  21 66  84  54  72  61  73