     |  C1  C2  C3 C4 C5  C6  C7  C8  C9 C10 C11 C12
----------------------------------------------------
  R1 |  19  48  46 12 82 108  99  81  62  60  16  42
  R2 |  27  77  79 26 38  41 101  14  51  72  94  13
  R3 |  25  23  47 70 88  52 106  61  57  31  11 118
  R4 | 102 109  55 85 64  28 103   2   9 105  22  40
  R5 |  20   5  65 84 68  69  93  43  56   4  97  66
  R6 |  15  89 110 53 86  63  74   1 116  58  34   7
  R7 |  80 112  75 37 49  54   3 117  95  24   6  73
  R8 | 107  78  87 92 29  36 100  76  18  59  91  32
  R9 | 113  98  90 83 33 115  96  44  71 114  67   8
 R10 |  10 120  35 21 45 111  39 119 104  50  17  30