     |  C1  C2  C3  C4  C5  C6  C7  C8  C9 C10 C11 C12 C13 C14 C15 C16
----------------------------------------------------------------------
  R1 | 121 137 153 144  19  99 147  16  86 119   2 103 148  22 152  91
  R2 |  20 131  73 155 157 110  45 139  29 123  66  80 115 124  96  27
  R3 |  30 111  38  90 156  48 150  92 116  87 100 120 140  49   1 114
  R4 | 101 118  78  95  74  59 160   3 145  36  10  47  50  40 158 127
  R5 | 151  44  39  35  52 122  33  11  72  60  18  81  94 136 112  88
  R6 |  97  37 142  21  12 126  13  23 125 108 141   7   4 146 138  32
  R7 | 102   9   8 159  25  70  83  77  64  65  14 154 130 117  84  82
  R8 |  63  89 149  28  17  15 104   6  75 107 109  43 134  93  76  24
  R9 |  55  34 135  53  57 128  98 113  67 133  31  68  85  46  54 132
 R10 |  79  58  42 106 129  41  56  51  62  26   5  71  69 143  61 105