     |  C1  C2 C3  C4  C5  C6  C7  C8  C9 C10 C11 C12
-----------------------------------------------------
  R1 |  37  51 50  38   4  78 119  95 113  13  31 114
  R2 |  98 117 33  60  85  27 105 109  49  45 103 111
  R3 |  22  97 81 107  80   5  42  64 106 118  39 116
  R4 | 102   1 46  24  89  15 120  87  41  88  10 115
  R5 |  74   3 56  79  35 108   8  30  12  32  11  44
  R6 |  58  53  7  21  57  23  68   9  47  93  83  14
  R7 |  48  20 25 104  55  61  17  86  73  59 100  29
  R8 |  94  26 92  16 101  90  99 112  71  84   2  52
  R9 |  36  34 70  76  72  77  75  43  18  66  69  82
 R10 |  19   6 54 110  96  91  62  40  65  67  28  63