     | C1  C2  C3  C4  C5  C6  C7  C8 C9 C10 C11 C12
----------------------------------------------------
  R1 | 31  70  13   4  63  38   8  83 51 115  67  47
  R2 | 26  94  50  98  23  53  96  68 65  72  81  92
  R3 | 86  85  52 101  11  45  49  59 14  16  95  88
  R4 | 90  10 111  79 103  32  46  21 19   6 112 117
  R5 | 56  84 114   9  22 110 113 119 66  73  17 100
  R6 | 61 108  27 120  97 105  71  87 39  74  37  44
  R7 | 82  12  55 106  42   3  30  54 25 104  93  57
  R8 | 40   7  69 109  29 118  76  77  2  64  91 107
  R9 | 24  41  80  33  75 102  34  62  5  58  89  99
 R10 | 60  18  43  20  35  78 116   1 48  15  36  28