     |  C1  C2 C3 C4  C5  C6  C7 C8  C9 C10 C11 C12
---------------------------------------------------
  R1 |   9  53 81 73  79  97  14 44  11  54  57   6
  R2 |  47  43  5 28 101  66  80 24 115  88 104   8
  R3 | 103  33 65 29  90 120  48 99  17 111 106  46
  R4 |  27  22 20 45  71  78  42 87  72  75  37  67
  R5 | 117  56  3 83  85  23  76 21 113  82  36  26
  R6 |  13 116  2 49  41 109  52 70 114  68  60  51
  R7 | 118  32 98 16  59  69 112 94  35 105  50  12
  R8 |  62  58 31 91  64 100  19 18  40  86  89   1
  R9 |  96  77 95 93  38 108  84 30  63  55 119  25
 R10 |  15  34 74 92 107  39 110 10   4  61   7 102