     |  C1  C2  C3  C4  C5  C6  C7  C8  C9 C10 C11 C12
------------------------------------------------------
  R1 |  21  83  76   7  66  64  73  95  42  74  60   8
  R2 |  85  45 110  18  87  82 115  56   3  39  65  30
  R3 |  25  78  13   4 103  37 105 118 114  99  98 101
  R4 |  94   2  63  50  11 108  72  53  88  15  71 102
  R5 |  91 111  79  36  61   6  17  81  31  49  10  86
  R6 |  96 104  41  44  22  75 116  19  69  24  52  47
  R7 | 107  23  43 119  62  89  16  68 117  67  58  40
  R8 |  55  97   9  90 100  28  29  59  26  12  57  92
  R9 |  46  84  38  35  70  54 109 120   5  14 113 112
 R10 |  27  20  80   1  33  51 106  93  34  48  77  32