     |  C1  C2  C3 C4  C5  C6  C7  C8  C9 C10 C11 C12
-----------------------------------------------------
  R1 |  37  46  67 39  13 112  28  76  31   6  95  88
  R2 | 103  36  34 90  82 107 117 116  94  23  33 108
  R3 |  64  30  62 65  41  61  27 105  72  38   1  44
  R4 |   3   4  20 60  97 114   9  54 115   7 102  99
  R5 |  56 100  93 74 106  50  17  63 119  24  86  58
  R6 |   2  15  35 71  78  68   8  77  48  55  16 110
  R7 |  89  59  26 12  85 104  75  66  43  70  69 118
  R8 |  51  19  80 98  40  11  92  81  45  73  32  87
  R9 |   5  47 113 83 109  84  21  14 101  49  57  96
 R10 |  22  29  91 79  25 111  53 120  10  18  42  52