     | C1 C2  C3  C4  C5 C6 C7  C8  C9 C10 C11 C12
--------------------------------------------------
  R1 | 38  5 116 120  47 99 31  68  25  42  79  84
  R2 | 97 61  59 103  34 52 16  46  45  20   2  10
  R3 | 24 39 107  88  76 95 40  33 109  93  11 118
  R4 |  7 72 105  44  43  8 78  49  73 115  85  75
  R5 | 12 64  36 119  35 32 74 104  70 106  86  71
  R6 | 28  9  92  50 100 83  3 110  53  51   4  82
  R7 | 48 90 102 117  98 27 96  22  41  56   1  18
  R8 | 19 23  30 112  69 81 58  26  80 113  13  91
  R9 | 14 57  63  77 108 15 62  94 114  87  65  21
 R10 | 54 37   6  89  17 60 29  66  67  55 111 101