     |  C1  C2  C3  C4  C5  C6  C7  C8  C9 C10 C11 C12 C13 C14 C15 C16
----------------------------------------------------------------------
  R1 |  27  88  48  43   6 131  83 126  61 139 102  39  92  11 129 130
  R2 |   1  49  13  59 103  66   5  77 117 122  33 160 149  12 158 127
  R3 | 138 143  85 115  71 109  19  98 112   2  82  87  55 157  41  53
  R4 |  54  28  75 132  31  94  96  84  17  69  89 106  22 141   4  62
  R5 |   3 105  76 135   7 136 147 133  74  26 116 100 152  10  37 150
  R6 |  93 124  73  50 123  80  21 145 121 154  18 137 119 151  32 140
  R7 |  91  65  60  38 108 148   9  20 134  57  72 144  64  23  58  81
  R8 |  45  29 107  44  79  56  67  97  70 104 111  90 156  95  34  68
  R9 |  35  86  78 118 120 153 155  46  15 101  51 142  16  36 110  14
 R10 |  40   8 125 113  47 159  52  25 114  99  42  63 146  24 128  30