     |  C1  C2  C3  C4  C5  C6  C7  C8  C9 C10 C11 C12 C13 C14 C15 C16
----------------------------------------------------------------------
  R1 |  36  68   3 139  65 136  67  70  14 131  35 119  75 102 149   7
  R2 | 106  81  16  46  19  22  93  20  88 111   4 140  50 116 121  72
  R3 | 123  94  80  87  31  69  23  44  83 160  57 158  37 109   2 153
  R4 |  59  51  38  99  34  10 108   5  21 120  49 110 138  73  77  61
  R5 |  47  91 112  79 127  58  48  96 157  43 130 124 103 133 122  42
  R6 | 152 142  55  56  66   6  82  95 150  86  64 159   8  33 100 125
  R7 | 115   9 154 132 107 104  74  39 148 146  71  98 147  52 156  27
  R8 |  85  63 105   1 114  40  41  17  84  78 135  53 151  11  92  18
  R9 |  30 101 143 126  26  24  60 118  89 144  29  54 137  25 128  15
 R10 |  45  12 113  32 117 155 145  97  90  13  28 141  76 134 129  62