     |  C1  C2 C3  C4  C5  C6  C7  C8  C9 C10 C11 C12
-----------------------------------------------------
  R1 |  22  19 55 114  34  87  24  74  73  40  69  42
  R2 |  81 111  1  52 104 105  10  15  95  47  44 107
  R3 |  41 100 62  63  77  71   4  49  14  67  57  80
  R4 |  48  39  8  27 108   7  21  96   5  50  84  18
  R5 |  35  23 53   9  88  30  65   6 115  16  60 116
  R6 | 110  11 61  43  86  78  28   3 109  25  66 102
  R7 | 106 120 56  17  76  36  29 113  12 117  85  58
  R8 |  13  31 83  54  45  33  93  64  37  82  32 118
  R9 |  79 112 20  94  98  68  92   2  89 101  38  26
 R10 |  91  70 59  72  90  51 103  75  99  97 119  46