     |  C1  C2 C3  C4  C5  C6  C7  C8  C9 C10 C11 C12
-----------------------------------------------------
  R1 |  92  18 75   5  55  98   9  12  84  56 115 118
  R2 |   3  71 67  14  36  88 103  86  83  72 120  69
  R3 | 102  58 77   7  57 106  62  64  53  80  43  81
  R4 |  41  37 63  95 110 112  11  27  61  49  99  23
  R5 |  13  96 32  34  47  15  93  54 114 104  68  29
  R6 |   2  42 16 100  78 111  26  94  50  85  51   1
  R7 |  70  24  6  82  87  97  20 116  66  40  76  60
  R8 |  38 105 59  22  52  21  89 107  35 119 109   8
  R9 | 117  10 45 101  33  48  28  17  91  31  79  19
 R10 |  44  73 30  39  25   4  65 108  90  74  46 113