     |  C1  C2  C3  C4  C5  C6  C7  C8  C9 C10 C11 C12
------------------------------------------------------
  R1 |  14  20  25 109  94  62  73  17  90  78  92 101
  R2 |  70  21  54 120  13  55  57   4  96  59  69 107
  R3 |  68   9  38  52  63  61   8   6  18  39  48  19
  R4 | 103  34 102  91  87  33  89 119   3  81  79  88
  R5 |  84   1 112 100  32  24  82  86  77  37  23  42
  R6 |   7  15  29 105 104 117  67  76  43  53  60 110
  R7 |  98  44  27  11  56  58   5  36  26  47  71  66
  R8 | 108 113  72  50  35 118  64  49  10  12  95  41
  R9 |  16  65 115  97  46 111  28  40 106  30  75  45
 R10 | 116  74   2  85  22  31 114  80  83  93  99  51