     |  C1  C2  C3  C4  C5  C6  C7  C8  C9 C10 C11 C12 C13 C14 C15 C16
----------------------------------------------------------------------
  R1 |  24  45  59   1   7 150  63 122  86  49 136  28  78  82 154  62
  R2 | 119  61  15  55  93  58 139  73  11 135  31  35 103 148  44 159
  R3 | 132  79  27  48 130 133  75 123   2 110  33  60  88  77 156 146
  R4 |  56 144  52  85  87  91  53  21  54  66  37 131 116 101  38 145
  R5 | 160  25 157  20 118  32 129  69  36  34 137 149  41  68 115  43
  R6 |   4   5 114  30 153 134 108 138  16 102 128 155 142 158  29 113
  R7 |  97 111 140  22  98  89  39  90 105  50  95  12  14 124  51  57
  R8 |  17   9  18 125  96 112  99  70  40 106 107  83  13  26  64  81
  R9 |  67  94  47  76  92  65 104 126  23  71  10  42 151 117  84 121
 R10 |  74 100   6 120 152 147   8 109  19  80  46  72 141   3 127 143