     |  C1  C2  C3  C4  C5  C6  C7  C8  C9 C10 C11 C12 C13 C14 C15 C16
----------------------------------------------------------------------
  R1 | 126 104 119  72  62   4  66 124 103  39  56   1  53  57  34  20
  R2 |  77 153 138  31 133  92  42  41 112  50 141  40 131  90 121  32
  R3 |   7 105  95  52 129 117 116 157   3  49  24 146  67  97 109 135
  R4 |  81   6 115 130  68 101  23  35  18   5  64  78 159 102  55  45
  R5 | 142  33   9 100  71 114  80  94 108   2  69  60  11  54 144 113
  R6 | 140 125  26  82  76  36  46  17  48  12  16 132  15 149  61 107
  R7 |  75 148  13  84  29  89 122  85  83  59 154  14  43  10  91  65
  R8 | 110 128  86  96  38 127   8  58 152 151 150  27 136  79  19  70
  R9 | 155  28 106  44  63 158 139  30 145  37  22  51 147  99 160 137
 R10 |  21 156 118 134  98  74  73  93  25  47 143  87 111 120  88 123