     |  C1  C2  C3  C4  C5  C6  C7 C8  C9 C10 C11 C12
-----------------------------------------------------
  R1 |  62 107  10  98   4  13 104 31  61  14  44  81
  R2 |  67 116  24  84  17  65 105 21  76  87  18  55
  R3 |  51  60  64  19   3  25  30 38  82  97   2  49
  R4 | 110  66   7  47  99  83  11 22  68  26 106  41
  R5 |   1 113  20  54   8  63  37 79  57  34  29 114
  R6 |  72  36  23   5  95  77  86 27  53  16  91 120
  R7 |  12  59  78 100 102  92  35 40  93  28  43  73
  R8 | 101  39 119  69  56  96  88 75  45  80 118  90
  R9 |  50 103  70 109  32  85  89 52 111  58  46 112
 R10 |   9 117  71  33  42 115  94 74  48  15   6 108