     |  C1  C2  C3  C4  C5  C6  C7  C8  C9 C10 C11 C12 C13 C14 C15 C16
----------------------------------------------------------------------
  R1 |  31  56  66  72  91 151 105 111  19 125 123  67  81  71  49 155
  R2 |  69  37 154  61 102  98   4   7  59  80  26 147  38  92  36  29
  R3 |  73 157 106 134 143  15  57  18  48  93  17  96  63  58  85  74
  R4 |  27 126  39   1  52  50  77  44  99  65  34  53 138 101  22  97
  R5 |  70  62 146 142  88  78  23  60 118 116   8  90 132 130 150 108
  R6 | 135  32  64   5   3 159 160  79  40 109  12  54  28 149 119  95
  R7 | 100 124  51  89 141 113 158   2  82  24  87  11  20 110 128 117
  R8 |  86  68 112  30 104  75 136  94  16 156  10  14  45 129 121 103
  R9 |  83  43 139  13  41  46 114  47 131  42 127 133   9  76 152  55
 R10 |  35 107 148 140 137  25  33 144 115 120 153  84 145 122   6  21