     |  C1  C2  C3  C4  C5  C6  C7  C8  C9 C10 C11 C12 C13 C14 C15 C16
----------------------------------------------------------------------
  R1 | 122  60 147 119  47  66  34  48 130  22 139 127  97  38  88 146
  R2 | 129  33 151  15  65  42  94 157  51  90  70 132 143  30  91  49
  R3 |  72 102  29  68  13  59  55  87  78   9  43 155  35 110 144  53
  R4 |  45 128 120 104  41   7  40 137  21   4  92  11  83 154  57 123
  R5 |   5  84  64   1 160  16 106 140 126  54  23  39  19 109  98 153
  R6 | 114 159  74 105 133 101 138 145 150  12  14 135  82  62  17 149
  R7 |  63 116 103  76  69 100 125  73  44  96  10   6  56 112  50   2
  R8 |  36   3  31  99  89  37 118 117   8  67 124 152 115 111  86 136
  R9 |  95  28 121  75 108  32  79  58  26 158  85  20  77  27 107 113
 R10 | 142  52 131 148 156  18  61  25  81  71 141  46  24  93 134  80