     |  C1  C2  C3  C4  C5  C6 C7  C8  C9 C10 C11 C12 C13 C14 C15 C16
---------------------------------------------------------------------
  R1 |   1  88  68 144 110  70 64   9  86 140 126  92  85  67 109 156
  R2 |  63 143  28 133 155  40  3  34  19 154 119 107  35 153 157  56
  R3 |  38 117 124  95   7 130 20  82 121  79 123 147 139  43  22  57
  R4 |  94   4 101  54 118  75 15 151 134 146 149  81 125 128 105  93
  R5 |  80 104 150 111 116  21 42  72  14 142  61  16 127 158  52  23
  R6 |  76  99  33  44  91 122 45  97  11  36 152  96  73 113  29 138
  R7 |  46  10 120   8 160   5 90  26  84 106  66  24   6  77  87  18
  R8 | 100  51  98  53   2  13 69  62  12  65  27  49  39  41  60  25
  R9 |  55  30 108 114 136  78 89 137  32 145 141  31  59 148  58  48
 R10 | 131  47 132  74 129  71 50  83 102  17 115 159 103  37 112 135