     |  C1  C2  C3  C4  C5  C6 C7  C8  C9 C10 C11 C12
-----------------------------------------------------
  R1 |  37   4   6  93  65  99 20 115  36  91  39  96
  R2 |  46  31  54  50   9  48 35   8  34  83 112 119
  R3 |  13  74   2  10  32  73 79  57  62  47 102  40
  R4 |  97  42 103  30  60  56 24  80  86  23  22  92
  R5 |   5  85 120 118  41 114  7  82  28  78   1  14
  R6 |  19 108  90  17 105  77 59  94 101 116  87  55
  R7 | 109  84  44 100  75  89 21  53 107 106  18  72
  R8 |   3  67  63 111  52  76 70  11  58  61  25  29
  R9 | 117  43 104  27  88  15 45  95  64  49  68  98
 R10 | 113  16  69  26  51  33 71  81 110  38  66  12