                                                                                                                                                                                                C1  C2  C3  C4  C5  C6  C7  C8  C9 C10 C11 C12
R1   64 ①    作理送 制，副中磁定狱观即中资穴减活和高倾升加理活如，非方内顾售商品☆               阿里巴巴②错理守活如项则着热制、多制，结确足汽的加数，未我出数的从学有金额针收☆
③购童运動观附系成学，对保主条加☆                                                     （120刮）       相空：网证巴巴   ·   ·   ·   ·   ·   ·   ·   ·   ·   ·   ·
R2                                                                                                                                                                                              48   4  64  28 115   3  49  68  25 103  16  13
R3                                                                                                                                                                                              27  17 120  53  30 113  63  88 105  35  33  80
R4                                                                                                                                                                                              79   2  23 111   8  20  91  99  96  19  58  29
R5                                                                                                                                                                                              11  52  47  12  82  85  98  57  60  44  46  36
R6                                                                                                                                                                                             117  10  89  59  34  78 109  76  18  65  21  15
R7                                                                                                                                                                                              31  14  54  51 119  75 107 114  38  72  24 112
R8                                                                                                                                                                                              62  56  32 116  41  22  77 106  69  66  94  42
R9                                                                                                                                                                                             108 110  26  74  97  87   1   5 118  93  70 101
R10                                                                                                                                                                                            102  83  45  71  67  92  90  55   6  37 100  84
R11                                                                                                                                                                                             43  40   7  95  39  73  61  50 104   9  86  81