                                            C1    C2    C3    C4    C5    C6    C7    C8    C9   C10   C11   C12   C13 C14
R1   夾1刮1 →→→     如果你都不相信你的運氣，你還能相信什麼?     ←←←     ·     ·     ·     ·     ·     ·     ·     ·     ·     ·     ·     ·   ·
R2                                        97.0  26.0   1.0  95.0 116.0  29.0  64.0 128.0  80.0  24.0  72.0  56.0  73.0   ·
R3                                       101.0  50.0  75.0  52.0 120.0  59.0  98.0   8.0  33.0  81.0  53.0 105.0  45.0   ·
R4                                        18.0 102.0  38.0  66.0  67.0  70.0  15.0  71.0 122.0 112.0  58.0  51.0  25.0   ·
R5                                        60.0  54.0  42.0 114.0   6.0  10.0 103.0  31.0  90.0  19.0 118.0   2.0  49.0   ·
R6                                        11.0 129.0 115.0  68.0 108.0  35.0  79.0  37.0   4.0   5.0  92.0  44.0  61.0   ·
R7                                        12.0  78.0  14.0  36.0  23.0  39.0  21.0  47.0   7.0 123.0  87.0  40.0 109.0   ·
R8                                       110.0  43.0  62.0 125.0  86.0  30.0  82.0  93.0  89.0 113.0 100.0  32.0  34.0   ·
R9                                        57.0  46.0  16.0  94.0 107.0  27.0  17.0   3.0 117.0 126.0  99.0 104.0  76.0   ·
R10                                       20.0  85.0  55.0  13.0  96.0 130.0  69.0 124.0   9.0 106.0  63.0  22.0 111.0   ·
R11                                       77.0  88.0  28.0 121.0  48.0  91.0  83.0  74.0 127.0  84.0  41.0 119.0  65.0   ·