                                            C1    C2    C3    C4    C5    C6   C7    C8    C9   C10   C11   C12   C13 C14
R1   夾1刮1 →→→     如果你都不相信你的運氣，你還能相信什麼?     ←←←     ·     ·     ·     ·     ·    ·     ·     ·     ·     ·     ·     ·   ·
R2                                        90.0 120.0  13.0 109.0  43.0  78.0 96.0  22.0  24.0  67.0  95.0  21.0 103.0   ·
R3                                       130.0  91.0   7.0  65.0   9.0  37.0 40.0 119.0  16.0   5.0 122.0  39.0 110.0   ·
R4                                        61.0  10.0  12.0  18.0  52.0  62.0 58.0  82.0 118.0  19.0  84.0 106.0  87.0   ·
R5                                         1.0  27.0 121.0  50.0  11.0 107.0 17.0  64.0  80.0  36.0 105.0   4.0  51.0   ·
R6                                        98.0 108.0  70.0 102.0  35.0  41.0 94.0  86.0  20.0  26.0  88.0 111.0  29.0   ·
R7                                       128.0 104.0  45.0  85.0  55.0  28.0 63.0  25.0  54.0 124.0  30.0  15.0  72.0   ·
R8                                       101.0  79.0  47.0   3.0 115.0  53.0 34.0  14.0 129.0  57.0  49.0   8.0  56.0   ·
R9                                        89.0  99.0 127.0  33.0  77.0  69.0 66.0  42.0  44.0   6.0  73.0  68.0 100.0   ·
R10                                      113.0 126.0  93.0  92.0  60.0   2.0 59.0  81.0  75.0 123.0  71.0  76.0  32.0   ·
R11                                       97.0  31.0 114.0  46.0  83.0 117.0 38.0 116.0  48.0  23.0  74.0 112.0 125.0   ·