                                            C1    C2    C3    C4    C5    C6    C7    C8    C9   C10   C11   C12   C13 C14
R1   夾1刮1 →→→     如果你都不相信你的運氣，你還能相信什麼?     ←←←     ·     ·     ·     ·     ·     ·     ·     ·     ·     ·     ·     ·   ·
R2                                        47.0  83.0  88.0  76.0  52.0 116.0 121.0   7.0  35.0  50.0  59.0 106.0  65.0   ·
R3                                        30.0   4.0  68.0 124.0  74.0  98.0  58.0   2.0  51.0  10.0  32.0 109.0  67.0   ·
R4                                        87.0 105.0  64.0  80.0  19.0  78.0 108.0  53.0  45.0  77.0  90.0  44.0   5.0   ·
R5                                         9.0  60.0 114.0  72.0  37.0  82.0  54.0 112.0  15.0 128.0  79.0  20.0  57.0   ·
R6                                        63.0  23.0  84.0  89.0 103.0  62.0  71.0 101.0  27.0  22.0  39.0 130.0  43.0   ·
R7                                       107.0  55.0 120.0 118.0  34.0  85.0  33.0   6.0  42.0  31.0 127.0 102.0  61.0   ·
R8                                       117.0  12.0  96.0  14.0  18.0  48.0  28.0  36.0  69.0  70.0  26.0  66.0 123.0   ·
R9                                        97.0 115.0  49.0   1.0  16.0 129.0  13.0  40.0  24.0  99.0 122.0  17.0  25.0   ·
R10                                       29.0 119.0 111.0 125.0  73.0  46.0  38.0  93.0  81.0  11.0 100.0   8.0  21.0   ·
R11                                      104.0  91.0  86.0 113.0  92.0  94.0  56.0  41.0 126.0 110.0  95.0  75.0   3.0   ·