                                            C1    C2    C3    C4    C5    C6    C7    C8    C9   C10   C11   C12   C13 C14
R1   夾1刮1 →→→     如果你都不相信你的運氣，你還能相信什麼?     ←←←     ·     ·     ·     ·     ·     ·     ·     ·     ·     ·     ·     ·   ·
R2                                        15.0  25.0  90.0 123.0  99.0  28.0  38.0  40.0 125.0  45.0   2.0  21.0  22.0   ·
R3                                        47.0 114.0  37.0  64.0 117.0 118.0  32.0  98.0  51.0  79.0  54.0  75.0  36.0   ·
R4                                       107.0  87.0 101.0 129.0  70.0  46.0  68.0  59.0  41.0   9.0  33.0 115.0 124.0   ·
R5                                       128.0   7.0  42.0 109.0 113.0  61.0   5.0  83.0  26.0 105.0 108.0 100.0 130.0   ·
R6                                        34.0  71.0  27.0  11.0  58.0  24.0  77.0  60.0 106.0  48.0 126.0 119.0  63.0   ·
R7                                        97.0  80.0  96.0  93.0  82.0  13.0  43.0 112.0  91.0  31.0  12.0  57.0  78.0   ·
R8                                        81.0  30.0  69.0 122.0  18.0 121.0 102.0  65.0  76.0  49.0  23.0 103.0  95.0   ·
R9                                         1.0  56.0  72.0  29.0   6.0  88.0   3.0  19.0  16.0  44.0  66.0 110.0 104.0   ·
R10                                       74.0  52.0   4.0  67.0 120.0  35.0 116.0  85.0  92.0  94.0  20.0  10.0  17.0   ·
R11                                       39.0  89.0  50.0  14.0  86.0   8.0  73.0 111.0  62.0  84.0  55.0 127.0  53.0   ·