tree
version=v4
num_class=1
num_tree_per_iteration=1
label_index=0
max_feature_idx=64
objective=binary sigmoid:1
feature_names=Column_0 Column_1 Column_2 Column_3 Column_4 Column_5 Column_6 Column_7 Column_8 Column_9 Column_10 Column_11 Column_12 Column_13 Column_14 Column_15 Column_16 Column_17 Column_18 Column_19 Column_20 Column_21 Column_22 Column_23 Column_24 Column_25 Column_26 Column_27 Column_28 Column_29 Column_30 Column_31 Column_32 Column_33 Column_34 Column_35 Column_36 Column_37 Column_38 Column_39 Column_40 Column_41 Column_42 Column_43 Column_44 Column_45 Column_46 Column_47 Column_48 Column_49 Column_50 Column_51 Column_52 Column_53 Column_54 Column_55 Column_56 Column_57 Column_58 Column_59 Column_60 Column_61 Column_62 Column_63 Column_64
feature_infos=[0:0.75] [0:0.89999997615814209] [0:0.67500001192092896] [0.02500000037252903:1] [0:0.89999997615814209] [0:0.98969072103500366] [0:0.98019802570343018] [0:0.99009901285171509] [0:1] [0:0.97500002384185791] [0:1] none none [0:0.5] [2.8339171409606934:217.41072082519531] [0.0051633738912642002:9.6507043838500977] none none none [-0.080042704939842224:0] [0:1] [0:1] [-0.75:0.75] [-0.89999997615814209:0.89999997615814209] [0:1] [-0.75:0.75] [-0.89999997615814209:0.89999997615814209] [0:1] none none none [27:40] [0.67500001192092896:1] [0.034482758492231369:0.083333335816860199] [11:28] [0:0.69230771064758301] [0:1] [0:1] [0:0.5] [0:0.5] none [0:0.97500002384185791] none [0:0.97500002384185791] none [0:0.88749998807907104] none [0:4.123105525970459] [0:40] [0:19.5] [0:39] [0:19] [0:1] [0:1] [0:1] [0:39] [0:39] [0:8] [0.30000001192092896:0.69999998807907104] [0:1] [0:1] [0:0.89999997615814209] none none none
tree_sizes=6835 6847 6858 6886 6883 6870 6857 6852 6870 6856 6873

Tree=0
num_leaves=63
num_cat=0
split_feature=8 19 19 19 19 19 19 19 19 20 19 5 7 39 53 5 41 41 41 61 55 15 27 23 48 27 20 19 15 6 27 23 55 43 24 49 7 23 49 49 2 26 5 10 48 7 48 49 51 56 24 19 26 4 15 48 56 43 20 5 49 38
split_gain=107171 3334.18 486.119 436.963 78.27 60.9139 47.8507 44.2642 17.7557 13.5993 13.5203 12.4652 11.6335 12.7406 12.9391 11.4285 11.4109 11.1999 10.6106 15.8173 10.5609 10.4955 10.2764 10.8988 10.8582 9.95142 11.1208 9.57224 9.06377 9.43927 8.51205 8.51033 15.1999 9.4689 10.1152 14.4231 14.0529 8.50203 13.5325 15.9775 8.48976 17.2865 10.6722 8.43792 9.19823 8.43153 13.3647 10.3618 9.86194 13.138 11.1048 11.9431 9.35645 8.70451 8.39829 9.18868 8.30375 8.19417 12.0334 11.8253 10.24 8.56942
threshold=1.0000000180025095e-35 -0.047655090689659112 -0.058891518041491502 -0.040021354332566254 -0.071550421416759477 -0.052680257707834237 -0.043505689129233353 -0.037053985521197312 -0.066765695810317979 0.46428571641445165 -0.041690805926918977 0.93298968672752391 0.024752475321292881 0.074175827205181136 0.35416667163372045 0.62371131777763378 0.051562501117587096 0.82749998569488536 0.37113095819950109 0.17500000447034839 1.5000000000000002 0.27410601079463964 0.19759704917669299 0.65000000596046459 15.464285850524904 0.19759704917669299 0.22500000149011615 -0.035729480907320969 0.39909927546978002 0.059405939653515823 0.15150275081396106 0.25000000745058065 1.5000000000000002 0.5304563343524934 0.16531372815370562 7.8466200828552255 0.89603960514068615 -0.65000000596046437 11.344192028045656 5.5068097114562997 0.36249999701976782 -0.65000000596046437 0.88144329190254223 0.2788888961076737 24.267857551574711 0.34158414602279669 19.816666603088382 16.873378753662113 9.7309141159057635 3.5000000000000004 0.22869117558002475 -0.062581572681665407 0.25000000745058065 0.65000000596046459 1.6883742213249209 11.535714149475099 7.5000000000000009 0.065192308276891722 0.30952382087707525 0.17010308802127841 15.434899330139162 0.028174603357911113
decision_type=2 2 2 2 2 2 2 2 2 2 2 2 2 2 2 2 2 2 2 2 2 2 2 2 2 2 2 2 2 2 2 2 2 2 2 2 2 2 2 2 2 2 2 2 2 2 2 2 2 2 2 2 2 2 2 2 2 2 2 2 2 2
left_child=1 2 4 6 11 -4 -3 15 16 27 12 18 13 14 56 20 25 -18 40 -20 21 -5 23 -22 -24 26 28 -9 29 -6 37 -21 -33 34 36 -36 54 38 39 -17 -1 -42 -43 -41 -45 46 47 48 50 53 57 -52 -51 -50 55 -34 -8 58 59 61 -61 -10
right_child=-2 3 5 7 8 -7 10 9 45 -11 -12 -13 -14 -15 -16 30 17 -19 19 31 22 -23 24 -25 -26 -27 -28 -29 -30 -31 -32 32 33 -35 35 -37 -38 -39 -40 43 41 42 -44 44 -46 -47 -48 -49 49 52 51 -53 -54 -55 -56 -57 -58 -59 -60 60 -62 -63
leaf_value=-0.6756675053724962 -0.76814718223632605 -0.64970644029696845 -0.66156047124205175 -0.64983875567888316 -0.69966891983615243 -0.65591845082668176 -0.68130507503209581 -0.63094119407405125 -0.61814717888356485 -0.62001301633086703 -0.64121025597597914 -0.6656302678875925 -0.64634187511352426 -0.69100432336919171 -0.61096632765923042 -0.68632899858936536 -0.67033042987099634 -0.64691873125079702 -0.67458487431142455 -0.66936873914818729 -0.63394163068678744 -0.61914055638921217 -0.63899382471693578 -0.65088660055075986 -0.62630059537264049 -0.6732347811930357 -0.66474912167277211 -0.62457128733228362 -0.65898275931113592 -0.62901290350805805 -0.64209112742850194 -0.67875324084427635 -0.60846975931241887 -0.67081571938664109 -0.64237794865593389 -0.5846856396741027 -0.58969890238562728 -0.6338591268615954 -0.71189718097904053 -0.5611471776095156 -0.63774945204898248 -0.67302418239849082 -0.64541990676588501 -0.66814718000115181 -0.58227761286442625 -0.66507594959022887 -0.67084237862545082 -0.71087445368345359 -0.68760740770884909 -0.64160939381923399 -0.68442625013245928 -0.66476880154726081 -0.68564718039230732 -0.6465954553815022 -0.729016746579084 -0.67216815911200678 -0.63039207711644329 -0.66553159696239794 -0.67139718007379501 -0.64051881752541917 -0.56457574911472141 -0.68915781876864857
leaf_weight=4428.0000329911709 32273.77801823616 6817.3333841264248 10172.000075787306 163.5555567741394 5.1111111491918555 9031.5556228458881 12.666666761040686 1908.4444586634636 5.3333333730697658 500.22222594916821 2962.8889109641314 558.44444860517979 3318.0000247210264 7.7777778357267371 62.666667133569717 12.222222313284876 5588.0000416338444 51.555555939674377 1931.333347722888 1787.3333466500044 1938.444458886981 33.555555805563927 208.66666822135448 99.777778521180153 874.88889540731907 164.88889011740685 274.6666687130928 853.55556191504002 82.444445058703423 62.888889357447624 820.66667278110981 66.000000491738319 6.8888889402151099 39.55555585026741 43.333333656191826 14.44444455206394 6.4444444924592963 814.66667273640633 8.8888889551162702 5.5555555969476726 39.111111402511597 776.88889467716217 36.666666939854622 8.000000059604643 5.1111111491918555 7206.6667203605175 1980.8889036476612 12.222222313284872 39.111111402511597 126.44444538652897 152.88889002799988 156.22222338616848 13.333333432674406 19.333333477377892 5.1111111491918555 31.777778014540672 21.777777940034866 1206.444453433156 66.66666716337204 90.888889566063881 4.6666667014360419 20.888889044523239
leaf_count=19926 145232 30678 45774 736 23 40642 57 8588 24 2251 13333 2513 14931 35 282 55 25146 232 8691 8043 8723 151 939 449 3937 742 1236 3841 371 283 3693 297 31 178 195 65 29 3666 40 25 176 3496 165 36 23 32430 8914 55 176 569 688 703 60 87 23 143 98 5429 300 409 21 94
internal_value=-0.693157 -0.657443 -0.664993 -0.641151 -0.669305 -0.658907 -0.646793 -0.632129 -0.667288 -0.627599 -0.643683 -0.672884 -0.645824 -0.629429 -0.624497 -0.635088 -0.669424 -0.670116 -0.673324 -0.671357 -0.633388 -0.644613 -0.632679 -0.634771 -0.628745 -0.662808 -0.658764 -0.628973 -0.647837 -0.634324 -0.638454 -0.668242 -0.658808 -0.649887 -0.642221 -0.627955 -0.658634 -0.634961 -0.657533 -0.641888 -0.674788 -0.670219 -0.67178 -0.61279 -0.634673 -0.666089 -0.667963 -0.664984 -0.664689 -0.654134 -0.665917 -0.674492 -0.64581 -0.674041 -0.668782 -0.66082 -0.649115 -0.664017 -0.654321 -0.644972 -0.63681 -0.674715
internal_weight=100040 67765.8 46306.4 21459.3 27102.9 19203.6 13203.1 8256.22 17331.6 3262.22 6385.78 9771.33 3422.89 104.889 97.1111 4994 6229.56 5639.56 9212.89 3932.22 3318.89 197.111 3121.78 2038.22 1083.56 590 425.111 2762 150.444 68 1675.11 2000.89 213.556 147.556 108 57.7778 50.2222 854.444 39.7778 30.8889 5280.67 852.667 813.556 18.6667 13.1111 11102 3895.33 1914.44 1902.22 198.222 1704 309.111 139.778 58.4444 43.7778 38.6667 34.4444 1394.89 188.444 121.778 95.5556 26.2222
internal_count=450178 304946 208379 96567 121963 86416 59414 37153 77992 14680 28736 43971 15403 472 437 22473 28033 25378 41458 17695 14935 887 14048 9172 4876 2655 1913 12429 677 306 7538 9004 961 664 486 260 226 3845 179 139 23763 3837 3661 84 59 49959 17529 8615 8560 892 7668 1391 629 263 197 174 155 6277 848 548 430 118
is_linear=0
shrinkage=1


Tree=1
num_leaves=63
num_cat=0
split_feature=8 33 33 33 33 33 33 33 33 50 33 24 48 59 5 7 7 52 39 49 14 5 43 23 56 48 21 45 5 56 50 45 55 57 60 38 31 26 50 31 2 6 5 61 25 52 61 24 39 13 41 33 48 6 5 49 39 38 56 49 25 15
split_gain=98016.6 2810.79 406.997 358.708 59.8149 58.7284 49.2406 30.0123 13.871 13.1625 11.1571 11.0451 12.5826 12.1544 10.7224 9.55237 8.85583 14.6511 10.326 9.82547 8.79213 8.75991 8.72322 8.64482 8.63382 8.43291 8.93614 8.31334 11.335 9.59452 13.4535 8.81948 8.28436 12.691 9.95951 9.04243 8.20452 8.06098 8.04239 8.03476 7.93476 7.93138 12.9532 10.0039 8.73925 7.9104 7.78224 9.56398 9.19386 11.2733 7.68986 8.17695 14.8344 9.55126 9.54091 7.82028 7.80378 7.72529 7.68278 11.0746 12.9698 12.6321
threshold=1.0000000180025095e-35 0.051315790042281158 0.042572464793920524 0.064583335071802153 0.039230769500136382 0.046536797657608993 0.057189542800188072 0.074175827205181136 0.03637566231191159 7.0714285373687753 0.060661764815449722 0.32117517292499548 30.774999618530277 0.55000001192092907 0.62371131777763378 0.85643562674522411 0.024752475321292881 0.64583334326744091 0.074175827205181136 9.8439207077026385 121.58479690551759 0.79896906018257152 0.67022728919982921 -1.0000000180025095e-35 35.500000000000007 30.774999618530277 0.22500000149011615 0.017349498346447948 0.95360824465751659 17.500000000000004 12.414285659790041 0.012797619216144087 1.5000000000000002 2.5000000000000004 0.37500000000000006 0.064583335071802153 31.500000000000004 -0.84999999403953541 6.5357143878936776 32.500000000000007 0.42499999701976782 0.58415842056274425 0.9845360815525056 0.27500000596046453 0.62500000000000011 0.30952382087707525 0.27500000596046453 0.22869117558002475 0.035098522901535041 0.17857143282890323 0.056696427986025817 0.037749288603663451 12.062500000000002 0.1584158465266228 0.71649482846260082 1.5405694246292116 0.10555555671453477 0.031754031777381904 27.500000000000004 1.0000000180025095e-35 -0.37499999999999994 1.1446198821067812
decision_type=2 2 2 2 2 2 2 2 2 2 2 2 2 2 2 2 2 2 2 2 2 2 2 2 2 2 2 2 2 2 2 2 2 2 2 2 2 2 2 2 2 2 2 2 2 2 2 2 2 2 2 2 2 2 2 2 2 2 2 2 2 2
left_child=1 2 4 6 8 58 -3 14 -1 38 16 37 13 20 22 40 17 18 19 -8 41 -19 32 -15 27 26 36 28 29 31 39 45 33 34 35 -5 -26 -6 -9 -31 -14 42 44 -43 -13 -18 47 -40 49 -49 51 52 53 -10 -55 57 -53 -56 -4 60 -60 -61
right_child=-2 3 5 7 11 -7 10 9 50 -11 -12 12 15 23 -16 -17 24 21 -20 -21 -22 -23 -24 -25 25 -27 -28 -29 -30 30 -32 -33 -34 -35 -36 -37 -38 -39 46 -41 -42 43 -44 -45 -46 -47 -48 48 -50 -51 -52 56 -54 54 55 -57 -58 -59 59 61 -62 -63
leaf_value=0.017868988348356509 -0.073193587602551416 0.040261776350737376 0.029988200599136969 0.075664697411952975 0.0035932308333884409 0.035004208401113117 0.061273504668158341 0.065491530456123132 0.073645228506556512 0.059047109542488978 0.048533206029852366 0.019086784180017427 -0.013868421416145933 -0.021897978943698861 0.050730134720143684 0.050823855066041528 0.02315130601967999 0.042660077872113678 0.0031514399051039859 0.10052829265004144 0.080523812956682678 -0.027554804652448431 0.0098968753675674551 0.015636710988948598 0.087382604325583479 0.099429620507924366 0.099965724215975132 0.043094244271917694 -0.020791636022460785 0.039432622919981654 0.073270253060665633 0.093786478369393828 0.056352136843575179 0.0386100592515125 0.089474398695031571 0.016004177864473276 0.035819167383435123 0.025982770086325144 0.093047611639035285 -0.044537200976909525 0.033559792095990672 0.02374525521372731 -0.047678222734314643 0.043496229075994472 0.067748704416525626 0.066692024336034578 0.11199363755083802 0.073400122174950344 0.082608352280547623 -0.02779327092003403 0.02103334228509449 0.030388089847941637 0.01746665114673555 0.022608012064046182 0.070064842757882648 0.089764171872718679 -0.0012481873369446967 -0.019734860150148678 -0.002510914071884883 0.024579579057934068 0.042783459540763208 -0.016244849281848037
leaf_weight=3481.4722635149956 31397.467981278896 6922.643749281764 9062.2529761791229 12.473708152770998 40.359657362103462 9128.2333327829838 40.111724212765694 237.88035953044891 16.096118092536926 3019.5961627215147 3034.0539727807045 464.38917224109173 54.228031486272812 25.105324819684029 1717.4273052513599 8.2980617135763151 13.085150271654127 31.561038911342621 5.1147581040859214 26.453598737716675 6.7231642305850974 5.1696216315031043 10.415849819779394 39.438267827033997 9.4754536449909192 11.957120075821875 8.7986355274915677 3198.8680293411016 4.5121207833290091 5.1889389008283633 9.7010596841573697 23.237422034144402 3160.754098534584 150.78872936964035 25.597886279225349 12.939364060759543 41.511511206626892 10230.473568633199 29.742315724492073 6.316969096660614 10.531209424138067 232.39674983918667 7.1655442714691153 88.534644722938538 9.413505405187605 51.438176929950714 19.073235899209976 4.9950834810733813 10.669148504734038 6.1295566856861115 11428.044820517302 584.91407081484795 493.29450531303883 67.296172901988029 5.1495133489370364 11.190740868449209 20.164811179041862 4.4774041324853897 17.737425923347473 1014.6256676912308 145.04274868965149 19.309096574783325
leaf_count=15563 145045 30717 40362 55 180 40583 176 1047 72 13309 13427 2072 242 112 7594 37 58 140 23 116 30 23 46 176 42 53 39 14179 20 23 43 103 13951 669 113 57 184 45630 131 28 47 1037 32 395 42 228 84 22 47 27 51061 2606 2206 301 23 50 90 20 79 4519 646 86
internal_value=-2.50678e-05 0.0334712 0.0265458 0.0482659 0.0226151 0.0320868 0.0431994 0.05636 0.0206633 0.0600522 0.0463152 0.0254186 0.0202494 0.0219172 0.0539461 0.000316293 0.0443884 0.0584554 0.0716132 0.0768737 0.0235838 0.0327778 0.0555835 0.00103696 0.0439377 0.0610982 0.0534319 0.043566 0.0568653 0.0600809 0.0298993 0.0673742 0.055725 0.045903 0.0674612 0.0452878 0.0454018 0.0258948 0.0698899 -0.00666846 -0.0061556 0.0231064 0.0190445 0.0291939 0.0200536 0.0578621 0.084708 0.0746097 0.0494471 0.0176437 0.0214336 0.0252367 0.0210877 0.0382286 0.0317589 0.0613405 0.0293338 0.0282997 0.029491 0.0257257 0.0378479 0.0238172
internal_weight=99981.5 68584 46716.4 21867.7 27329.2 19387.2 13449.2 8418.48 16112.1 3328.09 6526.56 11217.1 946.224 873.166 5090.4 73.0573 3492.5 108.411 71.6801 66.5653 808.623 36.7307 3372.97 64.5436 3384.09 71.7427 59.7856 3312.35 113.48 108.968 21.207 87.7607 3362.55 201.8 51.011 25.4131 50.987 10270.8 308.49 11.5059 64.7592 801.9 480.968 320.931 473.803 64.5233 70.6093 51.5361 21.7938 11.1246 12630.6 1202.58 597.504 104.21 88.1138 20.8177 605.079 9.62692 10259 1196.71 162.78 1033.93
internal_count=450118 305073 208299 96774 122024 86275 59622 37152 71992 14667 28905 50032 4222 3896 22485 326 15478 478 315 292 3608 163 14891 288 15000 318 265 14682 503 483 94 389 14845 894 225 112 226 45810 1358 51 289 3578 2146 1432 2114 286 311 227 96 49 56429 5368 2672 466 394 93 2696 43 45692 5330 725 4605
is_linear=0
shrinkage=0.05


Tree=2
num_leaves=63
num_cat=0
split_feature=8 19 19 19 19 19 19 19 19 39 50 7 14 56 15 5 27 7 49 49 45 50 19 38 52 5 7 7 1 43 48 15 15 50 31 7 5 39 19 55 5 7 41 27 23 7 25 5 9 10 4 7 56 49 49 21 38 5 2 27 48 24
split_gain=90064.3 2559.15 383.523 312.475 66.8045 40.4592 38.157 26.2473 15.035 11.4034 10.9278 10.9077 12.0586 10.2591 10.0546 9.9367 13.2068 10.6215 13.4249 9.94844 9.83869 9.69773 9.57278 8.93416 12.0335 12.3201 11.3315 11.1851 11.9345 10.9482 9.75696 10.1444 10.9801 13.6901 9.77827 9.63895 9.21576 8.88722 8.85529 11.2088 11.0421 10.4775 8.79545 8.59864 9.35635 10.5151 8.52684 9.22494 8.82963 8.44766 9.3627 9.77433 9.0535 8.4449 8.4206 14.1708 10.0888 11.6263 9.06708 8.16269 9.13758 15.4237
threshold=1.0000000180025095e-35 -0.047655090689659112 -0.058891518041491502 -0.040021354332566254 -0.066765695810317979 -0.052680257707834237 -0.043505689129233353 -0.037053985521197312 -0.077075339853763566 0.22500000149011615 7.0714285373687753 0.024752475321292881 66.497039794921889 25.500000000000004 0.1155054233968258 0.73711338639259349 0.1446248143911362 0.41089108586311346 14.767174243927004 4.9225103855133066 0.003229166730307043 6.2678570747375497 -0.041690805926918977 0.087121214717626586 0.64583334326744091 0.077319584786891951 0.68811878561973583 0.93564358353614818 0.84999999403953563 0.45653410255908972 10.690476417541506 0.47451321780681616 0.22850307077169421 15.775000095367433 31.500000000000004 0.2029702961444855 0.12886597588658336 0.10555555671453477 -0.045485889539122575 10.500000000000002 0.89175257086753856 0.91584160923957836 1.0000000180025095e-35 0.19296883046627047 1.0000000180025095e-35 0.1237623803317547 0.62500000000000011 0.87113401293754589 0.20638945698738101 0.29520697891712194 0.65000000596046459 0.668316811323166 8.5000000000000018 11.080388069152834 9.9891333580017108 0.22500000149011615 0.087121214717626586 0.097938142716884627 0.18750000000000003 0.19759704917669299 23.267857551574711 0.20856463909149173
decision_type=2 2 2 2 2 2 2 2 2 2 2 2 2 2 2 2 2 2 2 2 2 2 2 2 2 2 2 2 2 2 2 2 2 2 2 2 2 2 2 2 2 2 2 2 2 2 2 2 2 2 2 2 2 2 2 2 2 2 2 2 2 2
left_child=1 2 4 6 8 20 38 15 -1 11 14 12 13 -8 -9 -5 17 18 37 46 -4 -21 -13 24 29 -26 30 28 53 -12 -27 32 33 -32 -33 -31 -34 -17 40 -40 -3 -42 -24 44 45 -35 47 -18 -49 -16 -51 -52 -53 -28 55 56 57 -14 -58 60 -23 -62
right_child=-2 3 5 7 -6 -7 9 10 -10 -11 23 22 54 -15 49 16 19 -19 -20 21 -22 59 42 -25 25 26 27 -29 -30 35 31 34 36 43 -36 -37 -38 -39 39 -41 41 -43 -44 -45 -46 -47 -48 48 -50 50 51 52 -54 -55 -56 -57 58 -59 -60 -61 61 -63
leaf_value=0.016152097261153721 -0.071556606481619461 0.035809808361058869 0.0087375981781349869 0.051970589618672916 0.024058742287085096 0.032677446943626863 0.045550425056224975 0.10221407699937853 0.019851787251482931 0.019387373945321754 0.05323175217254017 0.041537566115339694 -0.0027114583752982139 -0.014863646676744391 0.043369668707704666 0.044851768047419693 0.013790048835856515 0.058178529597877018 0.10607333520072103 0.078747977861454307 0.028244952164414062 0.040426180386797766 0.010695345804573344 0.058415723778929979 0.070599242685301392 0.00177713751757434 0.045710644526342326 0.025051379000707742 0.10270587985656598 0.046414841677107764 0.058496422002740772 0.029972471714710947 0.086327281153299268 0.053279573451776287 0.079926109273655316 0.070046651005426744 0.02136504230171319 -0.00093385841489554563 0.043697055063788653 0.037631914330932714 0.042702517526543485 0.076224542899155742 0.0456452332755857 0.048726486799069907 0.063691470387502211 -0.019854957038750926 -0.024862103221948949 -0.015392688860658164 0.056918606249766794 0.072909773463595576 0.064537075674571939 0.0059756666938614797 0.071379691278238802 0.074897150910884586 0.077457033304605294 0.10145126292938469 -0.021924946673168917 0.070914621950522713 0.049066456745527613 0.046656464824767277 0.033244479961633877 -0.035755413914059307
leaf_weight=3502.3682390898466 30546.8339433074 3542.2723264098167 65.045145690441132 3964.4217523336411 11313.923866972327 9205.3781916797161 66.410677209496498 17.397681146860123 12716.919658884406 48.519523158669472 878.45933884382248 3385.6418380886316 6.6571315228939048 7.8585486412048331 45.873360067605972 266.07011348009109 39.906165942549706 323.37634336948395 8.7093449234962446 19.496947735548019 10299.114012211561 93.129117742180824 18.112330883741379 1421.4280094951391 48.693719953298569 16.85282900929451 71.772511526942253 25.156885981559753 15.467041358351706 54.927300810813904 87.713557779788971 14.77436877787113 5.7703514397144309 6.4609999209642437 29.075511693954468 201.23312972486019 101.32951661944389 11.038272574543951 1331.4891985654831 1780.2622029483318 327.3966757953167 25.09660929441452 2939.4708134233952 26.768936067819595 6.6916232556104651 20.537745133042336 7.570393592119216 4.8164930194616309 34.175243988633156 178.68772742152214 50.265309944748878 17.134672120213512 7.6549297720193854 37.856105044484138 63.2165697067976 11.712267905473707 9.8607161492109316 27.558421015739441 8.2698913663625699 361.92504689097404 25.236270576715469 11.926554143428801
leaf_count=15567 145116 15526 287 17225 50061 40486 289 75 56428 212 3806 14809 29 34 198 1158 174 1407 38 85 45450 406 79 6158 211 73 311 109 67 238 380 64 25 28 126 872 439 48 5836 7803 1435 110 12821 116 29 89 33 21 149 771 217 74 33 164 274 51 43 120 36 1578 110 52
internal_value=-3.67541e-05 0.0315057 0.0249136 0.0455181 0.0211099 0.0302651 0.0408076 0.053002 0.0190529 0.0435378 0.0564229 0.0437169 0.0551683 0.0391579 0.0652611 0.0507611 0.0467897 0.0519716 0.0449491 0.0415125 0.0281225 0.0441631 0.043353 0.0555105 0.0530071 0.0466678 0.0441683 0.0554723 0.06159 0.055884 0.0387931 0.0408786 0.0370623 0.0458785 0.0630952 0.0649794 0.0248651 0.043028 0.0382385 0.0402271 0.0366496 0.0450892 0.0454312 0.0275726 0.0107646 -0.00235332 0.0258264 0.03069 0.0479863 0.0631153 0.0666851 0.0518657 0.0261722 0.0557891 0.0645108 0.0517348 0.0406109 0.0565896 0.0104563 0.0427932 0.0320617 0.0111006
internal_weight=99809.2 69262.3 47102.7 22159.6 27533.2 19569.5 13599.8 8559.78 16219.3 6593.29 3387.98 6544.77 201.544 74.2692 317.014 5171.8 1207.38 609.194 285.818 598.182 10364.2 511.714 6343.22 3070.97 1649.54 514.922 466.228 150.253 125.096 1134.62 315.975 299.123 255.273 148.173 43.8499 256.16 107.1 277.108 7006.52 3111.75 3894.77 352.493 2957.58 60.4593 33.6904 26.9987 86.4683 78.8979 38.9917 299.616 253.743 75.0549 24.7896 109.629 127.275 64.0584 52.3462 34.2156 18.1306 492.217 130.292 37.1628
internal_count=450059 304943 208279 96664 122056 86223 59507 37157 71995 28797 14673 28585 876 323 1368 22484 5259 2651 1244 2608 45737 2231 27709 13305 7147 2231 2020 651 542 4916 1369 1296 1106 642 190 1110 464 1206 30710 13639 17071 1545 12900 262 146 117 377 344 170 1293 1095 324 107 475 553 279 228 149 79 2146 568 162
is_linear=0
shrinkage=0.05


Tree=3
num_leaves=63
num_cat=0
split_feature=8 19 19 19 19 19 19 19 5 5 19 41 5 55 50 45 45 19 7 43 41 39 15 20 43 26 51 45 45 10 54 43 5 20 20 41 23 22 41 51 49 9 50 45 41 7 59 9 55 7 5 57 27 26 26 4 10 48 45 39 27 48
split_gain=82895.9 2275.11 328.309 281.625 84.8138 35.6326 28.4731 13.7448 11.6658 11.1527 11.1258 10.5617 10.4355 14.5034 13.0809 11.0713 16.1751 9.86795 12.5774 10.0246 9.70828 9.59793 12.2399 9.94116 9.35784 9.01296 10.8801 9.09896 8.98845 13.6362 10.9044 9.1679 8.86847 8.74315 8.66542 10.5803 8.6542 9.09695 9.66574 8.62005 8.70697 11.6928 12.3419 9.31348 8.32288 8.28632 8.24581 8.21112 11.33 8.39716 8.17908 10.5854 8.15495 9.82502 10.0442 8.18741 10.6742 8.12914 8.00801 7.87408 7.76657 8.31232
threshold=1.0000000180025095e-35 -0.047655090689659112 -0.055612817406654351 -0.040021354332566254 -0.066765695810317979 -0.043505689129233353 -0.037053985521197312 -0.071550421416759477 0.93298968672752391 0.86082473397254955 -0.052680257707834237 0.016145833767950538 0.62371131777763378 1.5000000000000002 3.9166666269302373 0.063548952341079726 0.11279761791229249 -0.062581572681665407 0.35148514807224279 0.024218750186264518 0.87916666269302379 0.087121214717626586 0.31911973655223852 0.46428571641445165 0.020993590354919437 1.0000000180025095e-35 8.0034165382385272 0.47928920388221746 0.06757353246212007 0.35857143998146063 0.22500000149011615 0.033630954101681716 0.87113401293754589 0.46428571641445165 0.6904762089252473 0.019375000149011615 -0.55000001192092884 -0.37499999999999994 0.24114582687616351 8.5258836746215838 14.149691104888918 0.20638945698738101 14.062500000000002 0.1551315784454346 0.063392858952283873 0.98514851927757274 0.35000000894069677 0.80600360035896312 19.500000000000004 0.70792081952095043 0.24226804077625277 4.5000000000000009 0.15150275081396106 0.45000000298023229 -0.35000000894069666 0.45000000298023229 0.8441295623779298 4.8750000000000009 0.33444939553737646 0.18333333730697635 0.45710678398609167 29.928571701049808
decision_type=2 2 2 2 2 2 2 2 2 2 2 2 2 2 2 2 2 2 2 2 2 2 2 2 2 2 2 2 2 2 2 2 2 2 2 2 2 2 2 2 2 2 2 2 2 2 2 2 2 2 2 2 2 2 2 2 2 2 2 2 2 2
left_child=1 2 4 5 7 -3 12 8 -1 33 21 24 13 28 15 -14 -17 18 60 -20 34 -4 32 47 -9 27 -27 -10 31 30 -30 -5 -23 -8 -7 -36 37 38 -16 40 -19 -42 43 -43 45 -12 -35 48 49 -24 -32 -52 -38 54 -54 56 -56 -29 -44 -21 -6 -62
right_child=-2 3 10 6 17 20 9 11 25 -11 44 -13 14 -15 36 16 -18 39 19 59 -22 22 23 -25 -26 26 -28 57 29 -31 50 -33 -34 46 35 -37 52 -39 -40 -41 41 42 58 -45 -46 -47 -48 -49 -50 -51 51 -53 53 -55 55 -57 -58 -59 -60 -61 61 -63
leaf_value=0.016554630032980761 -0.070067986887326586 0.035836225529161998 0.027454245926169137 0.049848862640411787 0.017796936176453802 0.041179265029843898 0.051058106464642795 0.068018983375612824 0.028535524640072998 0.060648666706258902 0.027131162508654855 0.019659926936728481 -0.045739981856834803 0.049876173684092855 0.016388591845709791 0.10768902319815349 0.013631010796198995 0.02444552034120006 0.010612154023592533 0.023980666548019777 0.097166951322297634 0.046777448749402983 0.0064306192624082525 0.050579699352348108 0.028763149898645875 -0.00049363098408440793 0.046779014705189359 0.063482109975377787 0.039364926314863838 0.068510881962047118 0.038085541424100866 -0.029110520785692526 0.096659958733649409 0.11621160952770332 0.071073346186449587 0.027494710195416241 0.049519491844375083 0.025879891861425315 0.085077313834023116 0.021227161121260198 0.11034398364079293 0.066701112832050199 0.028931095896521299 0.011430757634597449 0.031332299598223909 -0.018363694606674055 0.057730278653401225 0.053905980733364604 -0.029793122013385378 0.06644526099006752 0.029443527129701552 -0.049120239183019443 0.029727614581418368 0.020345023349316385 0.049400885310204812 0.039477725615019714 0.096315452943760677 -0.0046668313427425494 -0.025890826748156816 -0.0094007021476100652 0.040316917807025655 -0.026760026130116021
leaf_weight=9379.3102515041828 29687.766831725836 7087.6726056039333 4849.390044555068 5.8141276836395255 1975.889660179615 6476.3083300739527 2522.0173728168011 17.563520789146423 447.5352249443531 452.23780991137028 1098.2260310649872 6213.7873576134443 6.0329154431819907 3279.926342561841 7.8806933164596584 5.3514592498540869 31.334788039326668 8666.178953140974 150.0708272755146 3464.3739634752274 7.6639520972967139 78.155385628342628 21.48482915759087 26.968995809555054 111.92427477240562 64.925062745809555 14.980209439992903 4.9930873811244956 126.11528009176254 32.718595251441002 11.571376025676729 9.9976997524499875 10.05685146152973 6.1070138216018668 15.03730323910713 188.81031377613544 817.2030947804451 101.04179282486439 14.628495797514914 2162.0586182326078 4.7966138720512381 37.184720546007156 259.62393862009048 9.58710068464279 8218.7893737852573 10.100741088390349 463.05943417549133 10.285290554165838 15.770778849720953 7.9983487874269477 7.4056806564331081 10.182810902595518 108.27362659573555 47.46870368719101 359.41008429229259 264.60908430814743 12.547649979591368 35.400602370500565 6.8366625905036917 17.756268411874771 60.977173462510109 4.997164621949195
leaf_count=41427 145259 30727 21221 25 8686 27944 10768 77 1972 1930 4784 27388 26 14043 34 23 135 37994 659 15212 33 342 94 118 491 286 66 22 544 140 50 43 44 26 65 815 3505 435 63 9480 21 163 1138 42 35802 44 1970 45 69 35 32 44 467 205 1547 1139 54 156 30 78 268 22
internal_value=-6.49017e-05 0.0296512 0.0234446 0.0427548 0.0207071 0.0383064 0.0497959 0.0181357 0.0169759 0.0533305 0.0297623 0.0199544 0.0474819 0.049072 0.0443624 0.0170292 0.0273513 0.0231975 0.0215001 0.0232651 0.0409243 0.0278645 0.0395165 0.0256735 0.0340877 0.023935 0.00836879 0.0264842 0.0361298 0.0391751 0.0329936 -7.65626e-05 0.0524644 0.052224 0.0408598 0.0307094 0.0450361 0.0322835 0.0610287 0.0240616 0.0247437 0.0328691 0.0316827 0.055372 0.0307838 0.0267165 0.0584915 0.0135794 0.00441403 0.0227117 0.00543793 -0.0160408 0.0460151 0.0424005 0.0438061 0.0462008 0.0509835 0.0037571 0.0275245 0.0238104 0.0183604 0.0352362
internal_weight=99624.2 69936.4 47458 22478.4 33110.8 13775.5 8702.94 16290.4 9947.14 3443.42 14347.2 6343.28 5259.51 3483.73 1775.78 42.7192 36.6862 16820.3 5674.07 3632.2 6687.82 5020.11 170.72 82.5082 129.488 567.834 79.9053 487.929 203.806 187.994 155.275 15.8118 88.2122 2991.18 6680.16 203.848 1733.06 123.551 22.5092 11146.3 8984.21 318.029 313.232 46.7718 9327.12 1108.33 469.166 55.5392 45.254 29.4832 29.1599 17.5885 1609.51 792.309 744.84 636.567 371.958 40.3937 266.461 3482.13 2041.86 65.9743
internal_count=450367 305108 208276 96832 145678 59584 37248 71885 43929 14694 62598 27956 22554 14921 7633 184 158 73793 24925 15949 28857 21968 747 361 568 2502 352 2150 878 810 670 68 386 12764 28824 880 7449 532 97 48868 39388 1394 1373 205 40630 4828 1996 243 198 129 126 76 6917 3412 3207 2740 1601 178 1168 15290 8976 290
is_linear=0
shrinkage=0.05


Tree=4
num_leaves=63
num_cat=0
split_feature=8 33 33 33 33 33 33 33 33 5 33 51 41 21 61 5 23 26 45 52 47 45 26 45 27 59 50 10 38 43 2 38 10 43 5 14 52 45 38 33 51 10 27 27 41 5 49 45 26 0 60 0 14 22 48 55 61 1 14 0 45 41
split_gain=76335.2 2043.71 311.321 254.596 46.8577 30.0736 28.4916 24.4575 11.212 10.5194 9.60182 9.26819 9.06966 8.66968 9.21025 8.65434 9.51394 12.518 9.98884 9.34587 9.71488 8.46795 8.36714 8.80333 10.3101 8.3343 8.307 10.2208 11.732 10.3479 8.95399 8.05058 10.5505 9.86003 9.62561 10.4358 9.35812 12.6851 8.86545 8.00812 7.94963 10.0807 11.4851 7.88305 12.4607 11.0595 7.75074 7.73068 7.71262 9.48546 7.65133 7.59835 9.24261 7.59027 7.54968 7.31621 11.309 10.5629 8.74923 12.8456 8.48737 8.13634
threshold=1.0000000180025095e-35 0.051315790042281158 0.042572464793920524 0.064583335071802153 0.037749288603663451 0.060661764815449722 0.046536797657608993 0.080128207802772536 0.069047622382640853 0.93298968672752391 0.054093567654490478 15.507053375244142 0.83874997496604931 0.55000001192092907 0.075000001117587103 0.58247420191764843 -0.55000001192092884 -0.55000001192092884 0.24013888835906985 0.46428571641445165 1.2071067690849306 0.45345239341259008 1.0000000180025095e-35 0.13645105063915255 0.22869117558002475 0.45000000298023229 3.5499999523162846 0.62202382087707531 0.18333333730697635 0.29192708432674414 0.13750000298023227 0.080128207802772536 0.14550264924764636 0.30078125000000006 0.5206185281276704 130.19081115722659 0.61250001192092907 0.39013887941837316 0.095454547554254546 0.040833333507180221 8.0034165382385272 0.32738095521926885 0.17470533400774005 0.25560194253921514 0.55669641494750988 0.89175257086753856 15.641398429870607 0.44940476119518286 -0.45000000298023218 0.37500000000000006 0.62500000000000011 0.37500000000000006 51.455030441284187 -0.37499999999999994 20.816666603088382 20.500000000000004 0.075000001117587103 0.25000000745058065 98.694847106933608 0.37500000000000006 0.030662393197417263 0.5338541865348817
decision_type=2 2 2 2 2 2 2 2 2 2 2 2 2 2 2 2 2 2 2 2 2 2 2 2 2 2 2 2 2 2 2 2 2 2 2 2 2 2 2 2 2 2 2 2 2 2 2 2 2 2 2 2 2 2 2 2 2 2 2 2 2 2
left_child=1 2 4 5 9 10 -4 8 -5 15 13 39 31 -3 -15 55 17 -17 19 20 -19 -13 23 24 -11 -20 27 29 30 -7 -29 33 38 34 35 54 53 -38 -33 -6 41 42 -24 45 -45 47 -34 51 49 -9 -25 52 -39 -35 -10 -1 57 61 60 -60 -58 -57
right_child=-2 3 6 7 11 26 -8 48 12 22 -12 21 -14 14 -16 16 -18 18 25 -21 -22 -23 40 50 -26 -27 -28 28 -30 -31 -32 32 46 36 -36 -37 37 43 -40 -41 -42 -43 -44 44 -46 -47 -48 -49 -50 -51 -52 -53 -54 -55 -56 56 58 -59 59 -61 -62 -63
leaf_value=0.015699016078838387 -0.068709991390382211 0.033132426493183688 0.025070622179084526 0.043395126911363775 0.019550086807107687 0.049223152443829021 0.028857903302356137 0.027514903354514387 0.042587724955328962 0.030435703063409099 0.035973840158557147 -0.01714267809785407 -0.0003815849659531267 -0.046193697767199553 0.020003958476956692 0.087148852608765842 0.012930756419742602 -0.056046887407112639 0.043136554173549689 0.028285232504553837 0.010890536915266542 0.017720936748614961 0.019431697300904605 0.019215875913430103 0.072121655555517361 -0.012388042286517461 0.040802677051387896 -0.0087738044135797777 -0.06974972424463427 -0.0058221018154985911 0.054709803482132703 0.071365889955923426 0.050006333926621654 0.063547423196963229 0.036910200416725339 0.019148450269243653 0.054334342505198044 0.0054826918844183047 0.034110640603404553 0.021826053494377471 0.040846133954671827 0.012735279220479127 -0.060155714034225517 0.0061255300110882125 0.074399820418679485 -0.0030028931834378738 0.073317589437653138 0.035247951915362556 0.055548834003788364 0.05609833650812255 0.062070603410107374 0.038697327075362442 0.07628205762043494 0.049524933562784271 0.053882584891741171 0.011953463502636394 0.0761270016266275 0.0074093191454880749 -0.047642656031854497 0.046060469974380194 0.022776416306651209 0.039396334325229342
leaf_weight=4777.3328192681074 28747.452748477459 3920.0493970811367 10525.448054566979 2728.632765635848 12064.580411761999 41.013896346092224 9401.7077276408672 57.690720930695534 327.80648308992386 132.05401840806007 6815.9593911916018 31.546615466475487 9.9210888445377332 6.05344334244728 39.808711156249046 8.2142778635025007 3138.5579362362623 9.5594623982906359 53.275317415595055 21.385491505265236 12.519350975751875 38.886230826377869 7.2716686725616482 332.73813536763191 16.709735915064812 7.7402039766311637 3072.0259626209736 14.756394878029829 4.918125092983245 10.782530471682547 8.906960189342497 17.717487558722496 2297.1397707313299 109.51400892436504 508.2044729590416 33.852143749594688 145.10961991548538 5.1991670727729788 161.77037367224693 5686.6167909055948 14.725908756256102 46.96743942797184 12.036071211099623 39.645523369312286 8.0379050523042661 14.143096908926962 36.219822913408279 138.89990848302841 947.93147207796574 58.413121059536934 10.752050086855887 41.343115597963333 40.660717144608498 812.36165022850037 269.64445917308331 53.453644171357155 7.5114195793867102 279.31218598783016 10.239476040005682 5.6899774223566046 988.55092507600784 54.594850704073906
leaf_count=20999 145076 16838 45718 11564 52764 175 40605 243 1385 577 29192 138 42 26 171 36 13792 42 234 94 55 170 32 1455 73 34 13092 63 21 46 38 75 9706 463 2151 143 614 22 684 24801 64 207 53 168 34 60 153 588 3991 246 47 175 172 3434 1139 235 33 1228 45 25 4341 240
internal_value=-4.0729e-05 0.0279626 0.022087 0.040298 0.0186702 0.0360917 0.0268575 0.046951 0.0459746 0.0159311 0.0348357 0.0202074 0.0473775 0.0328796 0.0112664 0.0155313 0.0134433 0.0277171 0.0230445 0.00472705 -0.0180914 0.00210565 0.0225073 0.0249577 0.035118 0.0360929 0.0403875 0.0245198 0.000517484 0.0377643 0.0151216 0.0474721 0.0494696 0.0454599 0.042032 0.0461552 0.0483428 0.0422799 0.0377882 0.0202792 0.00761598 0.000232453 -0.0301816 0.0362047 0.0176344 0.0398905 0.0503682 0.0425735 0.054059 0.0418955 0.0205573 0.0542419 0.0682555 0.0511907 0.0476854 0.0166304 0.0198099 0.0125447 0.0225908 -0.014172 0.0231787 0.0258198
internal_weight=99241.6 70494.1 47750 22744.1 27822.8 13934.3 19927.2 8809.86 7745.82 10001.2 10781.9 17821.6 5017.19 3965.91 45.8622 9427.94 3251.25 112.694 104.48 43.4643 22.0788 70.4328 573.255 492.254 148.764 61.0155 3152.4 80.3779 28.5815 51.7964 23.6634 5007.27 2512.85 2494.42 1139.51 631.303 1354.91 433.039 179.488 17751.2 81.0011 66.2752 19.3077 287.929 47.6834 240.246 2333.36 226.103 1064.04 116.104 343.49 87.203 45.8599 921.876 597.451 6176.69 1399.35 387.361 1011.99 15.9295 996.062 108.048
internal_count=450127 305051 208137 96914 121814 59662 86323 37252 32772 43941 46227 77873 21208 17035 197 41433 14287 495 459 191 97 308 2508 2152 650 268 13435 343 122 221 101 21166 10618 10548 4818 2667 5730 1833 759 77565 356 292 85 1219 202 1017 9859 957 4480 489 1502 369 194 3897 2524 27146 6147 1703 4444 70 4374 475
is_linear=0
shrinkage=0.05


Tree=5
num_leaves=63
num_cat=0
split_feature=8 19 19 19 19 19 19 19 7 19 7 7 43 5 26 49 38 51 50 45 50 38 41 7 5 43 39 61 48 27 38 27 49 49 41 27 9 2 23 3 45 56 45 43 45 49 52 13 24 41 3 6 43 48 22 4 55 51 51 48 2 56
split_gain=70474.1 1747.5 254.155 207.693 39.6398 29.3905 26.1575 18.117 10.7937 10.4418 9.78446 9.21439 12.961 9.14182 10.203 9.13054 11.0187 9.09749 9.05661 9.01673 9.012 8.97692 15.3104 11.1017 8.85233 12.0372 8.70698 8.36689 10.1243 10.305 8.18547 9.37759 11.8655 10.396 9.49581 9.99234 10.1137 9.68398 8.74167 9.08398 8.82088 11.1237 9.68306 12.3584 9.06023 8.53222 8.2453 8.58544 8.19757 8.05514 10.8324 10.0047 9.35935 8.30222 14.809 12.3395 7.99291 9.32169 8.73697 8.23187 7.90327 11.0021
threshold=1.0000000180025095e-35 -0.047655090689659112 -0.058891518041491502 -0.040021354332566254 -0.071550421416759477 -0.052680257707834237 -0.043505689129233353 -0.037053985521197312 0.024752475321292881 -0.062581572681665407 0.4504950493574143 0.59900990128517162 0.018933824263513092 0.93298968672752391 1.0000000180025095e-35 9.8079452514648455 0.069047622382640853 16.003905296325687 3.9166666269302373 0.47928920388221746 7.0714285373687753 0.054093567654490478 0.18169642984867099 0.5000000149011613 0.025773195549845699 0.53371214866638195 0.060661764815449722 0.52500000596046459 35.708333969116218 0.32117517292499548 0.087121214717626586 0.14202249795198443 9.5716419219970721 15.287975311279299 0.45885416865348821 0.18674378097057345 0.13245614618062976 0.42499999701976782 0.25000000745058065 0.56250000000000011 0.16570723801851275 3.5000000000000004 0.28013157844543463 0.29599358141422277 0.45345239341259008 9.4641137123107928 0.41428571939468389 0.32142858207225805 0.45710678398609167 0.25138889253139501 0.78749999403953563 0.18811881542205813 0.062916666269302382 4.8750000000000009 -0.62499999999999989 0.75000000000000011 2.5000000000000004 4.7723155021667489 8.2602124214172381 22.267857551574711 0.18750000000000003 25.500000000000004
decision_type=2 2 2 2 2 2 2 2 2 2 2 2 2 2 2 2 2 2 2 2 2 2 2 2 2 2 2 2 2 2 2 2 2 2 2 2 2 2 2 2 2 2 2 2 2 2 2 2 2 2 2 2 2 2 2 2 2 2 2 2 2 2
left_child=1 2 4 6 13 -4 17 -5 15 10 -6 12 21 -1 19 16 -8 -3 -16 -15 -9 23 -23 -12 25 -10 27 -13 29 56 -22 32 45 34 37 36 -36 38 40 -40 41 -33 43 -42 46 48 47 -44 -32 50 60 52 -51 55 -55 -53 -29 -58 -59 -60 61 -14
right_child=-2 3 5 7 9 -7 8 20 24 -11 11 26 49 14 18 -17 -18 -19 -20 -21 30 22 -24 -25 -26 -27 -28 28 -30 -31 31 33 -34 -35 35 -37 -38 -39 39 -41 42 -43 44 -45 -46 -47 -48 -49 -50 51 -52 53 -54 54 -56 -57 57 58 59 -61 -62 -63
leaf_value=0.015002303670432555 -0.067467592705849372 0.031931439498516338 0.023440231698744169 0.041895000668688231 0.01691809375161531 0.027269917442112341 0.052623567963275976 0.054421411723989323 0.025074539153797024 0.021046409452677814 0.031022690017075867 0.018689249114573699 0.032945996614249816 0.026176635823201136 -0.033543784862890863 0.059093539389543204 0.021943117805034953 -0.0093213699357370828 0.01227593887139349 0.0014175308550580981 0.043343907962099831 0.038961974989252621 -0.040444669402305095 -0.034702046432973997 0.036228833526468607 0.063598197466196923 0.0082328288605203036 0.09025093242977493 -0.027309039099845906 -0.016656105449080492 0.045440747700366685 0.076370343924143505 0.059521427859851705 0.078983336957848843 -0.056774742041264127 0.038646584864542553 0.01968933518332118 0.06388699032737126 0.065962518176658311 0.041378306176198018 0.051025998801298593 0.03096219448279269 0.013294275015694915 0.098601367209337057 0.084669920417149908 0.0041510362151362182 0.044729320242658063 0.067094505273064597 0.09093431013665465 -0.038949331413947894 0.011807361491724714 0.028297260791160874 0.013241644418168491 0.069077198962553835 0.019844691353595859 0.07115944116759404 0.048660068857097158 -0.0010291898475850104 0.066935644091052987 0.0027101249268783618 0.022736332654795948 0.09118452652086681
leaf_weight=9509.7160885930061 27852.786618992686 7212.795599848032 10612.122656151652 5351.7841709256172 5570.7030727267265 9489.7534997463226 61.742634505033493 327.02341546118259 297.76324005424976 5755.3602217137814 8.7281742393970472 4485.7384540736675 397.89440810680389 456.97716294229031 12.717998489737509 92.403130531311035 55.634428679943085 13.389358371496199 70.938390910625458 39.99010169506073 1704.7403227388859 24.819530874490738 8.0357107073068601 24.348210647702217 6298.6111586540937 21.759156212210655 193.82705856859684 7.1325644701719275 6.9035339653491965 8.9709181040525419 242.04035334289074 14.400605127215384 333.99361850321293 22.127516478300095 5.7437279820442226 69.771975606679916 17.501144871115685 69.610014796257019 83.742613986134529 68.157935842871666 140.65011383593082 212.62345980107784 52.297469526529312 15.117373287677763 9.8301806598901731 12.000466674566267 90.21634079515934 8.6405654698610288 10.324427455663679 8.9708455353975278 95.234147444367409 111.07232429087162 202.35573948919773 15.641662046313284 650.37209963798523 19.782029062509537 59.602682262659073 25.321320131421089 13.111960023641588 8.0534671843051893 243.21270735561848 8.2782043814659101
leaf_count=41601 145163 30701 45777 22451 24239 40673 260 1357 1260 24947 38 19500 1729 1982 56 387 235 57 311 175 7117 108 35 106 26648 92 843 31 30 39 1009 60 1392 92 24 291 73 290 349 284 586 886 218 63 41 50 376 36 43 39 414 483 880 68 2828 86 259 110 57 35 1057 36
internal_value=-5.53903e-05 0.0263668 0.0209573 0.0377317 0.0178817 0.0252482 0.0339518 0.043726 0.0361709 0.0192909 0.0184627 0.019761 0.0227925 0.0153742 0.0214649 0.0473369 0.0380816 0.031855 0.00531012 0.0241843 0.0465172 0.00102917 0.0195408 -0.0173586 0.035817 0.027698 0.0186144 0.0190504 0.0316001 0.0349283 0.0457053 0.0484274 0.0532572 0.045145 0.0442726 0.0291876 0.000795325 0.0461061 0.044327 0.0549316 0.0413646 0.0338425 0.0467559 0.0556432 0.0381566 0.0453432 0.0351317 0.0209228 0.0473019 0.0236111 0.0275551 0.0206981 0.0110261 0.0232631 0.0210009 0.034777 0.0390155 0.0355709 0.0187886 0.0424978 0.0298646 0.034133
internal_weight=98914.9 71062.1 48145.7 22916.4 28043.8 20101.9 14054.1 8862.34 6827.91 17953.5 12198.1 6627.41 1818.75 10090.3 580.624 209.78 117.377 7226.18 83.6564 496.967 3510.55 65.9316 32.8552 33.0764 6618.13 319.522 4808.66 4614.83 129.096 122.193 3183.53 1478.79 598.359 880.431 858.304 93.0168 23.2449 765.287 695.677 151.901 543.776 227.024 316.752 155.767 160.985 264.365 151.154 60.938 252.365 1752.81 744.619 1008.19 211.327 796.868 666.014 130.854 113.222 106.089 46.4867 21.1654 649.385 406.173
internal_count=450463 305300 208572 96728 122122 86450 59640 37088 28882 77997 53050 28811 7907 44125 2524 882 495 30758 367 2157 14637 287 143 144 28000 1352 20904 20061 561 531 13280 6163 2494 3669 3577 388 97 3189 2899 633 2266 946 1320 649 671 1102 630 254 1052 7620 3236 4384 919 3465 2896 569 492 461 202 92 2822 1765
is_linear=0
shrinkage=0.05


Tree=6
num_leaves=63
num_cat=0
split_feature=8 19 19 19 19 19 19 19 43 45 45 49 35 19 7 48 49 48 41 25 9 6 10 43 14 61 1 20 25 27 27 49 45 25 4 14 45 56 14 5 61 14 19 21 43 5 23 43 7 15 56 41 41 10 49 43 43 6 50 55 14 24
split_gain=64938.3 1552.82 224.788 193.272 39.7603 25.7672 23.9461 17.1669 10.049 11.3079 9.76843 13.4534 10.4575 9.54937 8.55757 11.3055 9.90211 9.7318 12.9117 10.6638 10.3287 9.88695 10.2996 8.28814 12.0327 10.5364 8.50488 11.7227 8.79889 11.6581 8.93942 10.9724 9.88602 8.3022 8.17022 8.153 8.12765 8.90772 8.37983 8.07774 7.91694 10.7536 7.9041 9.43932 8.81019 8.60017 9.96234 10.3201 8.0716 11.1673 10.5003 8.1767 9.27816 9.88889 7.89834 9.9091 7.88031 7.7274 7.7158 7.97746 7.69773 7.7731
threshold=1.0000000180025095e-35 -0.047655090689659112 -0.058891518041491502 -0.040021354332566254 -0.066765695810317979 -0.052680257707834237 -0.041690805926918977 -0.035729480907320969 0.01519230753183365 0.0056623932905495175 0.015138888731598856 11.841921329498293 0.26006440818309789 -0.077075339853763566 0.32178217172622686 19.816666603088382 16.873378753662113 12.354166507720949 0.019375000149011615 1.0000000180025095e-35 0.38083164393901831 0.029702969826757911 0.5313725769519807 0.46123737096786505 25.657307624816898 0.22500000149011615 0.15000000223517421 0.38750000298023229 0.62500000000000011 0.20856463909149173 0.1446248143911362 6.1467692852020273 0.38224790990352636 0.37500000000000006 0.45000000298023229 103.05812072753908 0.60863095521926891 7.5000000000000009 93.172206878662124 0.2938144207000733 0.52500000596046459 39.275051116943366 -0.045485889539122575 0.87500000000000011 0.23582589626312259 0.89175257086753856 -0.74999999999999989 0.44050481915473944 0.91584160923957836 0.15081141889095309 30.500000000000004 0.42656250298023229 0.4838541597127915 0.95119047164917003 6.9992711544036874 0.51692706346511852 0.020993590354919437 0.20792078971862796 3.9166666269302373 9.5000000000000018 66.167892456054702 0.12233534082770349
decision_type=2 2 2 2 2 2 2 2 2 2 2 2 2 2 2 2 2 2 2 2 2 2 2 2 2 2 2 2 2 2 2 2 2 2 2 2 2 2 2 2 2 2 2 2 2 2 2 2 2 2 2 2 2 2 2 2 2 2 2 2 2 2
left_child=1 2 4 6 13 -4 42 -5 9 -6 11 12 -11 -1 15 16 17 56 19 -19 21 -20 40 -7 25 33 27 28 29 30 31 32 -26 -25 -28 39 37 -33 -39 -36 -23 -42 43 45 -45 46 47 -3 49 50 -47 -51 -53 -54 55 -32 -10 -27 -14 -60 61 -22
right_child=-2 3 5 7 8 23 -8 -9 14 10 -12 -13 58 -15 -16 -17 -18 18 20 -21 60 22 -24 24 26 57 34 -29 -30 -31 54 36 -34 -35 35 -37 -38 38 -40 -41 41 -43 -44 44 -46 48 -48 -49 -50 51 -52 52 53 -55 -56 -57 -58 -59 59 -61 -62 -63
leaf_value=0.01293117076340373 -0.066327979357323749 -0.0017670424687343967 0.022016432964383183 0.040380642908483137 -0.024631772994893619 0.02619242134943215 0.035603463062401669 0.047097961389267917 0.064412608792142098 0.075044224196385567 0.0094387613138036796 0.088034572419372653 0.065532347411050351 0.015851420409827368 0.020272564724870015 0.014599978897378726 -0.027222960847199901 -0.020917502754324732 0.065963046739127951 0.061403884723338513 0.027352259902838828 0.026140646369366791 0.08176280824486501 0.016612678823498619 0.070899221122340469 0.010898343562267515 0.015582241873398635 -0.0044462765371305691 -0.031938646598802752 0.066250096521459342 -0.011901989910560205 0.009135998946010299 0.015295410210177884 0.077328944791740878 0.011393260623614461 0.086238575907263471 0.10097373505985852 0.058690033544350852 0.007932446525151713 0.029472432180889702 0.12593097645754198 0.036824273277707431 0.031713792246664957 0.033205762582062003 -0.019158881893567584 0.0039118586630254963 0.028758834168657946 0.052116517471196722 0.063798695025153784 0.042677534063951895 0.054293447680020791 -0.019824628419405365 0.055811247758756746 -0.00077457582933154918 -0.031938646598802752 0.081832714366620415 0.015616395969212006 0.064018112238463543 -0.034411863394368435 0.022114681818800871 0.0074189561785104156 0.014458564465682892
leaf_weight=3566.1078700125217 26933.884811162949 48.490053340792656 10677.956500783563 7867.0007958263159 21.297928884625435 8181.6332965642214 3206.2032052278519 1081.9391428381205 8.3651272058486921 7.1655923724174491 279.25152803957462 9.2838142365217191 4.8581655025482204 13021.892671212554 7512.6177148967981 1868.673184722662 10.970848217606543 25.950323387980465 19.00437930226326 4.636840507388114 335.45359760522842 356.39706148207188 9.0356829166412336 50.045047178864479 8.9284411072731 8.2235641777515394 698.76088498532772 23.730127736926079 5.1690974831581107 24.90565150976181 6.5788513422012347 16.212169378995895 76.361424401402473 6.3438923656940451 86.699619367718697 5.4040564596652976 6.3438923656940451 52.16089278459549 9.6333180367946607 214.98600572347641 4.6393845826387432 12.531639263033865 6919.8773480951786 13.639187574386595 19.540190070867538 46.904135152697563 3570.3752887547016 10.879965752363203 25.299357116222382 225.30122210085392 13.26711857318878 11.371815919876097 18.952306330204014 13.028765335679052 10.338194966316221 4.9341385066509247 758.79725584387779 40.881890058517456 11.333184927701952 13.893250733613966 95.729066535830498 179.40521876513958
leaf_count=15546 145141 205 45777 32661 92 34827 13426 4465 36 31 1206 40 21 56543 32392 8078 48 112 82 20 1447 1537 39 213 38 35 2974 101 22 106 28 69 325 27 369 23 27 222 41 915 20 54 29142 58 83 198 15095 46 106 951 56 48 80 55 44 21 3276 174 49 60 413 775
internal_value=-0.000166292 0.0247756 0.0196816 0.0354422 0.0167919 0.0237035 0.0318036 0.0411928 0.0190445 0.0106655 0.0129731 0.0341825 0.020761 0.0152236 0.0193041 0.0173321 0.0201359 0.020423 0.0235677 -0.00843805 0.0245349 0.0307626 0.0290142 0.0255922 0.0219727 0.0381893 0.0206054 0.0289532 0.0325303 0.0340703 0.0298849 0.0337622 0.0211162 0.0234434 0.0185696 0.0253671 0.046549 0.0421229 0.0507773 0.0242768 0.0277383 0.0608997 0.0306897 0.0289255 0.00236687 0.0291467 0.028421 0.00810749 0.0365842 0.0344904 0.0150205 0.0388511 0.0189657 0.0327588 -0.000215797 0.02827 0.0161485 0.0551223 0.00783177 -0.00328034 0.0204386 0.0228594
internal_weight=98379.5 71445.6 48353.5 23092.1 28137.3 20216.2 14143.1 8948.94 11549.3 347.083 325.786 46.534 37.2502 16588 11202.2 3689.59 1820.92 1809.95 1042.78 30.5872 1012.2 401.608 382.604 9538.27 1356.64 105.494 1251.15 245.296 221.566 216.397 191.491 169.64 85.2899 56.3889 1005.85 307.09 84.3503 78.0064 61.7942 301.686 373.568 17.171 10936.9 4017.05 33.1794 3983.87 3629.75 59.37 354.125 328.825 60.1713 268.654 43.3529 31.9811 21.8512 11.513 767.162 49.1055 30.0846 25.2264 610.588 514.859
internal_count=450111 304970 208295 96675 121917 86378 59549 37126 49828 1499 1407 201 161 72089 48329 15937 7859 7811 4499 132 4367 1732 1650 40601 5774 449 5325 1044 943 921 815 722 363 240 4281 1307 359 332 263 1284 1611 74 46123 16981 141 16840 15346 251 1494 1388 254 1134 183 135 93 49 3312 209 130 109 2635 2222
is_linear=0
shrinkage=0.05


Tree=7
num_leaves=63
num_cat=0
split_feature=8 19 19 19 19 19 19 19 19 47 5 27 50 13 15 5 39 20 23 43 7 27 43 15 43 41 38 7 19 55 23 20 48 14 54 7 9 14 50 50 7 27 7 14 48 9 38 61 25 61 15 9 41 7 39 6 9 1 61 43 6 9
split_gain=60182 1393.33 196.923 152.847 54.4119 21.7686 20.9489 11.0517 9.56877 10.7328 11.4304 9.83489 9.18074 9.48581 11.4322 9.69925 9.15051 8.74783 7.98175 9.0465 13.1519 9.56977 7.86369 7.86291 10.363 10.6042 12.9647 10.5399 7.84103 7.79214 9.96491 8.05338 9.37466 9.07125 8.96581 11.4563 8.76173 12.9875 8.87392 8.56018 8.14134 11.011 8.11584 8.27106 8.17393 11.4618 10.0646 7.88138 7.87454 7.81405 7.68073 8.62303 7.67986 8.34566 8.01593 7.64019 8.0383 7.59397 9.60872 8.50477 7.59447 7.67337
threshold=1.0000000180025095e-35 -0.047655090689659112 -0.055612817406654351 -0.040021354332566254 -0.066765695810317979 -0.037053985521197312 -0.041690805926918977 -0.050041729584336274 -0.045485889539122575 1.2071067690849306 0.2938144207000733 0.37377345561981207 19.535714149475101 0.17857143282890323 0.078339394181966795 0.91237112879753124 0.087121214717626586 0.46428571641445165 0.25000000745058065 0.14019230753183368 0.75742575526237499 0.22869117558002475 1.0000000180025095e-35 0.37775054574012762 0.40435606241226202 0.36180555820465093 0.15476191043853763 0.054455446079373367 -0.077075339853763566 34.500000000000007 0.15000000223517421 0.30952382087707525 24.366666793823246 113.50106430053712 0.30952382087707525 0.48019802570343023 0.55718955397605907 66.167892456054702 22.267857551574711 4.3666667938232431 0.62871286273002636 0.12233534082770349 0.19306930899620059 89.77732086181642 17.845238685607914 0.27386364340782171 0.074175827205181136 0.32500000298023229 -1.0000000180025095e-35 0.12500000372529033 0.050581414252519614 0.084523811936378493 0.031696429476141937 0.5000000149011613 0.051315790042281158 0.82178217172622692 0.69570705294609081 0.55000001192092907 0.37500000000000006 0.42578125000000006 0.22772277146577838 0.91547620296478283
decision_type=2 2 2 2 2 2 2 2 2 2 2 2 2 2 2 2 2 2 2 2 2 2 2 2 2 2 2 2 2 2 2 2 2 2 2 2 2 2 2 2 2 2 2 2 2 2 2 2 2 2 2 2 2 2 2 2 2 2 2 2 2 2
left_child=1 2 4 6 28 -5 8 16 9 10 22 29 13 14 -13 -15 -4 -7 19 20 21 -11 -3 50 25 26 27 -25 -1 31 57 34 33 39 52 42 38 -38 47 40 41 -33 43 -36 48 -46 -47 -37 -44 -32 -18 -52 54 -54 -12 -29 -57 58 59 -31 -59 -62
right_child=-2 3 7 5 -6 17 -8 -9 -10 18 11 12 -14 15 -16 -17 23 -19 -20 -21 -22 -23 -24 24 -26 -27 -28 55 -30 30 49 32 -34 -35 35 36 37 -39 -40 -41 -42 -43 44 -45 45 46 -48 -49 -50 -51 51 -53 53 -55 -56 56 -58 60 -60 -61 61 -63
leaf_value=0.012408630102738086 -0.065280108031030251 -0.040007978952370793 0.022219622264869145 0.036596877352170161 0.01848898698185528 0.040557342894440004 0.033804678000438383 0.025448648305637631 0.030357397296879841 0.038131960528882194 0.059069669577665185 -0.0017418375667535503 0.10745354302853292 0.035222295320526724 0.061576612903792405 -0.012936808071966894 -0.027864511540397652 0.04738456390605849 0.0014691446801187631 0.016922164483402804 0.074662818357727742 -0.0087747271786977107 0.024383483185327275 -0.051589440659879082 0.076576384959807398 -0.018965359762102424 0.095692947305341156 0.014768121483722635 0.01504761904584509 0.02745027187524493 0.086140556577174496 -0.014793379149286821 0.034747907363502424 -0.025756790748237109 0.042868464587059639 0.038875434854864811 0.045433072846508368 -0.0031633454492194881 -0.0016226446652092179 0.024641226067018629 -0.0297281694083774 0.052232464039459053 0.032393632408884696 -0.01038464966883197 -0.020283677927635944 0.059810479619845029 0.0011091271153081254 0.076276481113639494 -0.036552659331798333 0.018295915034821478 0.081651118037780634 0.03456937926348165 0.036819384304943678 0.028378385116665097 0.010543088601035958 0.022104001921723751 0.10366299115571731 0.078072801555373883 0.045645989305868925 -0.04315391015061585 0.048838750053286022 -0.014690272497210373
leaf_weight=3588.4770435988903 26041.849985808134 4.7598466277122489 9732.8966364115477 5446.1717405319214 17197.907508268952 3022.209981918335 3241.4446088820696 4671.3642916530371 6955.342622756958 39.517655834555626 50.266839638352394 8.0932998657226545 5.0065191537141791 118.0792999714613 59.809579193592072 11.470563665032385 4.7190680652856818 555.42230884730816 55.68729904294014 209.67333151400089 17.859853819012642 15.001270428299902 1225.6338842660189 5.177789017558097 7.3089699596166602 18.773855239152908 5.6636735200881949 58.173577263951302 13054.323059260845 5.4767630547285142 7.1375842839479473 12.622649773955347 196.2921466678381 9.7623159140348417 28.809467270970345 45.022895678877831 24.296257436275482 31.669426187872887 9.2972733676433545 497.76157799363136 14.294786632061003 11.908052131533621 5.2393347769975689 9.7620959430932981 16.187168553471565 15.48965208232403 13.81407994031906 20.498663395643234 19.761925965547562 10.469219401478766 10.150511920452116 232.05736571550369 584.04431013762951 587.27762140333652 10.244475796818731 6.8218358755111677 5.4223902523517609 4.997324317693713 5.4779112786054602 19.280890733003616 7.6266116201877621 12.615631029009817
leaf_count=15586 145257 20 41331 22482 73672 12409 13476 19763 29091 166 211 34 21 496 251 48 20 2272 234 881 75 63 5149 22 31 80 24 247 56436 23 30 53 824 41 121 189 102 133 39 2090 60 50 22 41 68 65 58 86 83 44 43 983 2453 2466 43 29 23 21 23 81 32 53
internal_value=-0.000157771 0.0234365 0.0186186 0.0334951 0.0165167 0.0385873 0.0302715 0.023438 0.0292317 0.0273022 0.028077 0.0300252 0.0405878 0.0388924 0.0540297 0.0309582 0.0225069 0.0416173 0.0187679 0.0221833 0.0374242 0.0252253 0.0241344 0.0304003 0.0191025 0.0149031 0.022728 0.0172614 0.0144786 0.0290903 0.0130267 0.0296205 0.0253757 0.0220085 0.0317625 0.0229182 0.0328971 0.0179337 0.04409 0.0228775 0.000265223 0.0177433 0.0109518 0.0293906 0.000862506 0.0134847 0.0321381 0.0505765 -0.0221041 0.0457993 0.0353116 0.0365425 0.0334846 0.0325872 0.0508542 0.022324 0.0582226 0.00262532 -0.0142766 -0.0275352 0.0228729 0.00924537
internal_weight=97919.7 71877.8 48599.2 23278.6 33840.7 9023.8 14254.8 14758.5 11013.3 4058 3720.26 2489.86 202.459 197.453 67.9029 129.55 10087.2 3577.63 337.739 282.052 72.3788 54.5189 1230.39 354.269 107.342 100.033 81.2593 75.5956 16642.8 2287.4 73.0819 2214.32 742.642 546.349 1471.68 239.848 130.785 55.9657 74.8188 536.587 38.8255 24.5307 109.064 38.5716 70.4922 45.4909 29.3037 65.5216 25.0013 17.6068 246.927 242.208 1231.83 1171.32 60.5113 70.4178 12.2442 55.4751 30.2356 24.7577 25.2396 20.2422
internal_count=450320 305063 208290 96773 145694 37163 59610 62596 46134 17043 15624 10455 850 829 285 544 42833 14681 1419 1185 304 229 5169 1502 456 425 345 321 72022 9605 307 9298 3118 2294 6180 1007 549 235 314 2253 163 103 458 162 296 191 123 275 105 74 1046 1026 5173 4919 254 299 52 233 127 104 106 85
is_linear=0
shrinkage=0.05


Tree=8
num_leaves=63
num_cat=0
split_feature=8 19 19 19 19 19 19 20 27 51 24 56 15 51 53 39 5 27 39 24 41 9 14 55 51 56 27 56 61 23 25 19 26 10 54 10 41 21 48 9 43 51 41 15 10 55 43 31 26 48 15 27 53 15 6 55 5 5 4 9 24 25
split_gain=55826.4 1271.03 169.187 150.143 43.7592 22.9937 15.5753 10.3545 9.40972 9.14224 9.05436 10.0677 10.8517 8.03791 8.7215 7.57372 7.08375 8.26243 8.20177 10.1042 10.4131 11.5663 9.51076 8.7055 10.1858 8.30708 10.7972 7.37231 7.16184 9.2147 8.79953 8.6306 7.27079 7.03504 8.09529 7.21267 6.9911 7.30518 6.94078 9.30041 11.9834 9.6686 7.79586 8.74313 7.56707 7.68147 6.88594 13.0633 7.84313 10.0998 10.3771 8.05822 7.99128 7.61959 7.34166 9.40697 7.25427 15.2492 9.36892 14.3591 7.97305 8.34785
threshold=1.0000000180025095e-35 -0.047655090689659112 -0.055612817406654351 -0.040021354332566254 -0.066765695810317979 -0.043505689129233353 -0.037053985521197312 0.46428571641445165 0.45710678398609167 16.003905296325687 0.28511044383049017 34.500000000000007 0.039327610284090049 10.567737579345705 0.53571429848670971 0.10555555671453477 0.62371131777763378 0.15150275081396106 0.051315790042281158 0.11358865350484849 0.38385416567325598 0.23606811463832858 60.25444412231446 11.500000000000002 2.0569653511047368 2.5000000000000004 1.0000000180025095e-35 16.500000000000004 0.17500000447034839 -0.65000000596046437 -0.37499999999999994 -0.038480520248413079 -0.15000000223517415 0.72902098298072826 0.90000000596046459 0.80384615063667308 0.52678570151329052 0.46428571641445165 5.1250000000000009 0.18301435559988025 0.25078125298023229 11.234489440917971 0.3383928537368775 0.19523003697395327 0.19615384936332705 6.5000000000000009 0.46576704084873205 34.500000000000007 -1.0000000180025095e-35 4.8750000000000009 0.016566795296967033 0.12444967031478883 0.64583334326744091 0.0098624913953244703 0.52475249767303478 19.500000000000004 0.28350514173507696 0.046391751617193229 1.0000000180025095e-35 0.80277779698371898 0.12444967031478883 0.37500000000000006
decision_type=2 2 2 2 2 2 2 2 2 2 2 2 2 2 2 2 2 2 2 2 2 2 2 2 2 2 2 2 2 2 2 2 2 2 2 2 2 2 2 2 2 2 2 2 2 2 2 2 2 2 2 2 2 2 2 2 2 2 2 2 2 2
left_child=1 2 4 5 -1 9 16 10 -6 -3 -8 12 13 14 -12 -9 27 18 22 23 21 -21 -18 24 -20 -23 -27 28 30 -30 31 -5 -33 34 -29 -35 37 -14 -10 -40 42 -42 43 44 -41 -46 -4 48 49 -48 52 54 -51 -49 55 -52 57 -55 -59 -60 -58 -62
right_child=-2 3 46 6 8 -7 7 15 38 -11 11 -13 36 -15 -16 -17 17 -19 19 20 -22 25 -24 -25 -26 26 -28 33 29 -31 -32 32 -34 35 -36 -37 -38 -39 39 40 41 -43 -44 -45 45 -47 47 53 -50 50 51 -53 -54 56 -56 -57 60 58 59 -61 61 -63
leaf_value=0.013859042673813382 -0.064314481872975324 0.026749274064461454 0.022524816190729692 0.042112971046321848 0.017236264275792473 0.03068511000824525 0.03965352019740552 0.043691264913791675 -0.027239094871174471 -0.015498932514919276 0.0067949669086251044 0.069658662190049556 0.031085184819562697 0.037144212367857789 -0.070616875303288529 0.062839142937638162 0.02855462142542535 0.029234121945850889 0.08253112785606237 0.066484656631915023 -0.043446971547828811 0.065974682892718531 0.041061526796470488 0.064654679653662811 0.0040718853591985692 0.019047991376829315 -0.027234726864519217 0.034379987980564596 0.057486869706089787 0.034658405215206425 0.039752497809882312 0.09415114126618461 0.055300793283142691 -0.021766689703791208 0.088927294528449843 0.024942918171490892 0.056652156074261134 0.070508147888640543 0.038097090975219697 0.050936293020939188 0.0006030361103742251 0.027655976407978261 0.086528875840032118 0.028800207935047631 -0.031378438596287909 0.026258806532312114 0.058311157885494597 -0.039124229565472034 0.017895689897000338 0.01338927786467492 0.0089614654556544587 -0.0028290741542533557 0.07880463126974227 0.010095568931304054 0.0036714826990571154 0.10308083703572571 0.016496401128677046 0.042636197350933602 -0.050022985576108382 0.028183208869081849 0.026899340602260787 0.074050598284791269
leaf_weight=16669.940221086144 25127.114546775818 7344.3852823376656 12756.997380360961 63.693496182560921 16690.913534298539 6957.0269028097391 2407.6453011482954 498.95474001765251 6.5837420374155036 12.827266335487364 9.5482349395751971 18.123367860913277 547.78037248551846 8.8167242407798749 5.8785166144371024 57.604769185185432 204.02786411345005 904.90119735896587 5.3473912477493313 11.452774927020071 7.0555536746978751 6.5735602229833594 596.13270780444145 23.866628751158714 18.270011320710182 48.463900148868561 17.028974592685699 1440.3190327584743 46.128893882036209 1059.6816163808107 874.79383331537247 19.055870026350021 32.723448112607002 9.2683552950620633 6.8341063559055319 76.315870314836502 30.138231977820396 12.008539557456968 101.42234887182713 6.1020009666681316 98.508974030613899 49.685721129179001 5.3985375165939322 271.69673298299313 16.419046208262447 8.9217593967914564 9.2711629420518857 4.7368613332509986 971.88682620227337 11.607597067952158 4.9773560464382189 159.01835142076015 7.8099789172410956 72.205950200557709 13.510059103369711 5.689373716711998 350.65595957636833 173.50309233367443 6.3924282044172278 71.717529818415642 162.98513919115067 9.9607031494379026
leaf_count=71855 145216 30633 53807 261 71168 28811 9826 2028 28 54 39 74 2235 36 24 234 838 3727 22 47 29 27 2446 98 75 199 70 5906 189 4342 3584 78 134 38 28 313 123 49 432 26 420 212 23 1158 70 38 39 20 4101 49 21 671 33 305 57 24 1481 733 27 303 688 42
internal_value=-0.000135405 0.0222309 0.0176317 0.0318133 0.015686 0.0286243 0.0368471 0.0394031 0.017451 0.0266756 0.0382551 0.0329303 0.0318465 -0.00093849 -0.0227036 0.0456731 0.0351672 0.0326429 0.0359306 0.0246761 0.0148821 0.0198096 0.0378725 0.0433579 0.0218364 0.012392 0.0070139 0.0364493 0.0383765 0.0356107 0.0414649 0.0544378 0.0695985 0.0338138 0.0346376 0.0198845 0.0331938 0.0319309 0.0237986 0.0244006 0.0213592 0.00967316 0.0269722 0.0259115 0.000950425 -0.011086 0.0220939 0.0193935 0.0159954 0.00727894 0.0049438 0.00125984 0.0397001 0.024114 0.0281539 0.0591624 0.0244675 0.0303501 0.0361626 0.0217829 0.0208295 0.029615
internal_weight=97228.3 72101.2 48718.5 23382.7 33925.6 14314.2 9068.43 3596.5 17255.7 7357.21 3039.94 632.294 614.171 24.2435 15.4268 556.56 5471.94 1843.12 938.219 138.059 90.5748 83.5192 800.161 47.484 23.6174 72.0664 65.4929 3628.81 2096.08 1105.81 990.267 115.473 51.7793 1532.74 1447.15 85.5842 589.927 559.789 564.739 558.155 456.733 148.195 308.538 303.14 31.4428 25.3408 14792.9 2035.93 1183.77 211.884 202.613 183.195 19.4176 852.158 24.1768 10.6667 847.421 323.819 251.613 78.11 523.602 172.946
internal_count=449664 304448 207831 96617 145430 59498 37119 14668 73575 30687 12406 2580 2506 99 63 2262 22451 7578 3851 567 372 343 3284 195 97 296 269 14873 8588 4531 4057 473 212 6285 5934 351 2407 2284 2407 2379 1947 632 1315 1292 134 108 62401 8594 4995 894 855 773 82 3599 102 45 3579 1368 1063 330 2211 730
is_linear=0
shrinkage=0.05


Tree=9
num_leaves=63
num_cat=0
split_feature=8 19 19 19 19 19 19 50 43 19 49 55 38 45 51 38 39 45 51 38 45 19 41 26 53 9 56 53 7 49 50 45 38 20 56 43 6 27 10 51 23 48 43 26 7 39 7 13 50 41 4 43 43 7 9 48 56 41 43 9 26 7
split_gain=51820 1112.89 177.112 137.115 26.7465 25.0725 24.4441 9.46446 9.45806 8.78791 8.77028 9.37946 8.50015 7.95066 11.6813 8.39849 7.62994 10.1105 10.9394 11.306 8.70286 7.44994 8.27629 7.92894 9.0766 9.89788 9.38749 8.21275 11.9729 12.3511 10.9156 13.1144 10.5756 9.20359 9.02056 7.42174 7.38713 12.1644 8.03856 7.25348 9.73166 9.90646 9.69955 9.41087 8.99116 8.71051 10.3712 8.79957 8.88126 13.26 10.4592 8.61916 8.31612 9.76207 11.8192 10.5841 10.3347 8.57847 11.915 11.2682 15.4875 9.37504
threshold=1.0000000180025095e-35 -0.047655090689659112 -0.058891518041491502 -0.041690805926918977 -0.038480520248413079 -0.071550421416759477 -0.052680257707834237 4.5357143878936776 0.71319442987442028 -0.043505689129233353 4.0116846561431894 4.5000000000000009 0.18333333730697635 0.021201923489570621 6.5013732910156259 0.046536797657608993 0.18333333730697635 0.055456349626183517 9.594853878021242 0.033908046782016761 0.31740383803844457 -0.035729480907320969 0.78875002264976513 -0.45000000298023218 0.53571429848670971 0.96824595332145702 2.5000000000000004 0.77500000596046459 0.7673267424106599 9.4168510437011737 15.535714149475099 0.32559522986412054 0.042572464793920524 0.35416667163372045 26.500000000000004 0.25078125298023229 0.39603960514068609 1.0000000180025095e-35 0.87228259444236766 9.5039458274841326 -1.0000000180025095e-35 12.535714149475099 0.29399037361145025 -0.45000000298023218 0.74752476811409008 0.064583335071802153 0.55940595269203197 0.39285714924335485 17.535714149475101 0.46319444477558142 0.84999999403953563 0.40083333849906927 0.13582589477300647 0.24257425963878634 0.73606809973716747 26.354166984558109 12.500000000000002 0.14843750000000003 0.12935605645179751 0.45584416389465338 0.35000000894069677 0.8465346395969392
decision_type=2 2 2 2 2 2 2 2 2 2 2 2 2 2 2 2 2 2 2 2 2 2 2 2 2 2 2 2 2 2 2 2 2 2 2 2 2 2 2 2 2 2 2 2 2 2 2 2 2 2 2 2 2 2 2 2 2 2 2 2 2 2
left_child=1 2 5 9 7 -1 16 10 -7 -3 11 36 35 14 15 -11 -4 -18 19 -19 -20 -6 23 -23 26 27 -25 28 30 -30 31 34 -31 -34 -26 -12 37 38 -5 42 45 51 52 44 -43 47 -47 48 50 -50 -41 -42 53 54 55 56 -9 58 -55 60 -59 -61
right_child=-2 3 6 4 21 8 -8 39 -10 13 12 -13 -14 -15 -16 -17 17 18 20 -21 -22 22 -24 24 25 -27 -28 -29 29 32 -32 -33 33 -35 -36 -37 -38 -39 -40 40 41 43 -44 -45 -46 46 -48 -49 49 -51 -52 -53 -54 57 -56 -57 -58 59 -60 61 -62 -63
leaf_value=0.012183394674558244 -0.063422835035466099 0.024915373784586494 0.018520484527356131 0.070673939796147278 0.03505046400362765 0.015180477538990478 0.022081672050145468 0.019553072665429466 0.029137205720556031 0.015168207019805835 0.044757511496945734 -0.0062215879480365093 0.088484216951762562 0.027424831704822024 0.0041038018656815436 0.050572885637725412 0.082685760128555677 0.042135436169018381 0.11216221164909877 -0.0096199819844143657 0.030200609313699858 0.027293466470665075 0.097359476185257851 0.063109469659290388 0.041135965597957735 -0.022339871823918549 0.042527158943296159 0.047431154999239028 -0.012478934774421371 0.076576429457637429 0.019188182000234387 0.075309104232714918 0.0038997764942731387 0.071768431968722513 -0.012565681340082008 -0.02469165272037498 0.011060916713046542 0.019678221665213977 0.0016572777432705748 0.012520063397542778 -0.036454400205498359 0.023124969117238423 0.035602965505512389 0.033162850178835433 -0.02489269293812944 0.021960652447481983 0.085320836472746048 0.065612088514554745 0.052904857633281802 0.01635844204386069 -0.040759446192147775 0.025892033816848761 0.028261515379050653 0.031378863688408365 0.094022865238621481 0.0042913477692933452 0.037853278328867472 0.025267786212562718 0.06593021590342546 0.054029270585326417 0.068112988505851402 0.028296881345250387
leaf_weight=10238.055037617683 24253.970553204417 7381.2093880027533 10756.831150472164 24.15044112503529 5192.7551574707031 18163.251107811928 9684.2680455297232 153.79142184555531 122.20443649590015 19.889577850699425 18.286948919296272 34.341585204005241 8.5496630966663343 3596.7436480522156 20.287342950701714 106.12109516561031 9.7333916872739774 20.18171426653862 5.9327404201030713 22.114870697259903 7.1325434595346451 123.4395162910223 6.1589778363704673 61.98638941347599 114.32483240962029 7.4043224900960913 521.28652465343475 112.34947235882282 27.66478119790554 9.6214867085218412 59.207646131515503 28.138127937912941 26.153547957539558 6.1746005266904822 8.3939945101737958 4.8717404752969733 77.962122768163681 63.758690312504768 5.1120705604553214 161.79484340548515 9.9971849173307437 39.559274420142174 1622.6772378981113 779.53991386294365 12.937012329697607 15.627214208245279 11.00803756713867 9.5190305262804014 35.412117555737495 82.974506497383118 9.767303064465521 12.443350568413733 1555.7998799830675 700.26053167879581 6.3528881818056098 51.714694052934647 154.80409030616283 138.39725014567375 25.873802900314331 182.29290869832039 24.88442949950695 43.924804076552391
leaf_count=44052 145365 30627 45422 99 21139 77448 40554 630 521 82 75 141 35 14844 84 437 41 85 25 93 30 501 25 251 463 30 2112 455 112 39 240 114 106 25 34 20 320 262 21 663 41 162 6648 3193 53 64 45 39 145 340 40 51 6374 2869 26 212 634 567 106 747 102 180
internal_value=-0.000153981 0.0210009 0.0167126 0.0299451 0.0335644 0.0141645 0.0202568 0.0311977 0.0152738 0.0259161 0.0214034 0.0176238 0.0458774 0.0278896 0.0393156 0.0449846 0.0186238 0.0356903 0.0274279 0.015075 0.0674181 0.0358459 0.0395595 0.0392376 0.040738 0.0349312 0.0447145 0.0360129 0.0314261 0.0134554 0.0373815 0.0445219 0.0305584 0.0168625 0.0374628 0.0301479 0.0224131 0.0319275 0.0586169 0.0315952 0.0280943 0.0308988 0.0324819 0.0317829 0.0112917 0.020746 0.0481467 0.018309 0.016756 0.0272903 0.00948678 -0.0018831 0.0308149 0.0334949 0.0264171 0.0252251 0.0287332 0.0358211 0.03261 0.0418076 0.0317975 0.0490328
internal_weight=96791.4 72537.4 49029.7 23507.7 12383.4 28523.5 20506.2 6078.39 18285.5 11124.3 237.033 205.325 31.7084 3743.04 146.298 126.011 10821.9 65.0953 55.3619 42.2966 13.0653 6305.06 1112.3 1106.15 982.706 399.433 583.273 392.028 279.679 69.6144 210.065 150.857 41.9496 32.3281 122.719 23.1587 170.983 93.0212 29.2625 5841.35 1180.58 854.477 4660.77 832.036 52.4963 326.103 26.6353 299.468 289.949 118.387 171.562 22.4405 3038.1 1482.3 366.663 360.31 308.596 1115.63 726.134 389.499 163.282 226.218
internal_count=450260 304895 208271 96624 50550 122021 86250 24904 77969 46074 973 843 130 15447 603 519 45696 274 233 178 55 25646 4507 4482 3981 1618 2363 1588 1133 282 851 611 170 131 497 95 702 382 120 23931 4836 3500 19095 3408 215 1336 109 1227 1188 485 703 92 12447 6073 1502 1476 1264 4571 2975 1596 669 927
is_linear=0
shrinkage=0.05


Tree=10
num_leaves=63
num_cat=0
split_feature=19 19 19 19 19 19 19 19 5 43 41 25 47 39 20 39 41 52 5 24 6 0 20 55 45 43 61 7 38 23 49 7 35 51 50 56 5 45 61 9 5 13 5 50 61 3 7 7 6 26 50 14 6 41 45 54 5 41 5 52 7 5
split_gain=48017.8 997.949 184.794 96.542 28.4769 18.3861 17.9389 12.6463 11.7117 13.5475 11.8999 11.2067 10.7696 10.6607 9.50577 8.81266 14.5611 11.7168 11.6272 11.1852 9.04507 8.75448 8.74808 8.63745 11.7686 19.9656 15.6785 12.3921 14.144 10.6005 8.9684 9.07031 8.57087 8.73808 9.04209 9.55862 8.60869 8.36195 8.27215 8.23551 7.89289 9.42754 7.81997 13.3611 8.89975 9.62376 9.40438 12.0273 10.2046 8.14757 8.10101 9.87168 8.87815 9.16838 8.76283 8.90468 9.21947 8.07942 7.81247 7.80387 13.2101 7.79922
threshold=-1.0000000180025095e-35 -0.050041729584336274 -0.041690805926918977 -0.062581572681665407 -0.037053985521197312 -0.055612817406654351 -0.045485889539122575 -0.071550421416759477 0.32474225759506231 0.012916666921228172 0.098611112684011473 1.0000000180025095e-35 1.2071067690849306 0.087121214717626586 0.46428571641445165 0.15476191043853763 0.21160714328289035 0.73214286565780651 0.76804122328758251 0.19759704917669299 0.60891088843345653 0.62500000000000011 0.18333333730697635 1.5000000000000002 0.061451049521565444 0.083578433841466918 0.22500000149011615 0.23267327249050143 0.039230769500136382 1.0000000180025095e-35 11.039222717285158 0.79702970385551464 0.21240601688623431 11.145900726318361 11.612500190734865 22.500000000000004 0.43814432621002203 0.38444940745830541 0.27500000596046453 0.97332859039306652 0.43814432621002203 0.39285714924335485 0.6030927598476411 5.6904761791229257 1.0000000180025095e-35 0.28750000894069677 0.82673266530036937 0.51980200409889232 0.089108910411596312 -0.65000000596046437 17.267857551574711 109.05236816406251 0.029702969826757911 0.37113095819950109 0.040138889104127891 1.0000000180025095e-35 0.91237112879753124 0.094374999403953566 0.46907216310501104 0.6904762089252473 0.69801980257034313 0.53092780709266674
decision_type=2 2 2 2 2 2 2 2 2 2 2 2 2 2 2 2 2 2 2 2 2 2 2 2 2 2 2 2 2 2 2 2 2 2 2 2 2 2 2 2 2 2 2 2 2 2 2 2 2 2 2 2 2 2 2 2 2 2 2 2 2 2
left_child=1 3 6 7 23 -5 8 39 9 10 -3 -11 42 -7 -6 -9 17 18 19 -17 -21 22 -15 24 -4 61 27 29 30 -27 -29 37 -30 34 35 40 -36 -32 -13 -1 41 -34 43 44 -10 -46 47 48 -47 -45 51 52 53 -44 -53 56 -56 -48 -41 -16 -61 -26
right_child=-2 2 4 5 14 13 -8 15 12 11 -12 38 -14 21 59 16 -18 -19 -20 20 -22 -23 -24 -25 25 26 -28 28 32 -31 31 -33 33 -35 36 -37 -38 -39 -40 58 -42 -43 50 49 45 46 57 -49 -50 -51 -52 54 -54 -55 55 -57 -58 -59 -60 60 -62 -63
leaf_value=0.011630016290552936 -0.062597957436978588 0.019412214681149481 -0.0058128096258814339 0.016123032997322945 0.03431114679425136 0.018722607452659131 0.025425229232737174 0.014013504986322443 0.044588294465870759 0.021690923190481076 -0.019993411664805706 0.010873041227708229 0.016243850901392246 0.007834112011219958 0.038119231343494438 0.013483710495127588 -0.028238471510677189 -0.023327771029519197 -0.022109528101685615 0.039267550445735981 0.11857530100650211 0.041065558672879005 0.028232665290006644 0.030528967849844255 0.045312951519632404 -0.003704833659232363 0.012476875093739641 0.067526244165341739 -0.0030103373960682946 0.043484178835983808 -0.038549793902420977 0.071127469803190013 -0.018303518973022192 0.064373036420726726 0.032952881492893563 0.085347937771690835 -0.035114047117670404 0.032380900837714686 0.023238420441796432 0.01051323852600531 0.04765399483517347 0.053662293790183759 -0.0044158086424649729 0.0097022758240004423 -0.019574816082964474 0.086664595788164933 0.068920822003295565 -0.015449777892119232 0.014738073546583332 0.02798118730880312 0.017639702891983088 -0.025418581501731537 0.02525002499437741 0.062648461186145116 0.011528891635645227 0.027503724907329819 -0.035110714142639152 0.0020187863731228359 -0.02870982668309301 0.041692487957238962 0.076242169430151011 0.09838758970148416
leaf_weight=10186.526181206107 23354.01896122098 36.815235033631325 31.482956811785698 11543.132507577538 3065.3311109095812 9885.1715994477272 7069.8804610073566 12355.327975586057 18.293329864740372 2510.9068361073732 39.947781592607498 475.62163031101227 476.69709596037865 70.550741389393806 429.38095471262932 14.988085106015207 32.81778858602047 14.99803091585636 8.6601096391677839 7.9659501761198026 6.5523990392684937 88.917416542768478 206.11196580529213 8327.5575983375311 17.928984850645069 38.886918842792511 194.27767293155193 46.326723590493202 21.300636678934097 17.149383649230003 5.1357697546482113 11.989885941147802 14.438855275511743 17.131683155894279 8.317720443010332 8.0878172069787961 10.520724132657049 21.759609654545784 188.99659998714924 26.12418757379055 21.061347916722298 6.6451878249645224 42.661420315504074 62.901447713375092 26.466432705521584 5.5525372624397269 12.759131565690042 35.124162003397942 44.071441173553467 1978.3574098646641 681.96755921840668 14.465536549687384 2055.4057107567787 5.7876235842704764 52.790052562952042 73.022026836872101 13.25670540332794 6.9823173284530631 24.697373569011688 92.563604742288589 39.461599841713905 11.274450227618216
leaf_count=43690 145282 153 129 48743 12397 41371 29098 52566 76 10430 166 1975 1981 295 1730 64 140 64 37 34 28 371 859 33916 73 159 794 189 87 70 21 49 59 70 34 33 43 89 785 112 86 27 177 261 110 23 53 146 183 8213 2832 60 8529 24 219 303 55 29 106 373 159 46
internal_value=-0.000207944 0.0197903 0.0271147 0.0151152 0.0316763 0.0174916 0.023547 0.0128315 0.022048 0.019661 -0.00109463 0.0201628 0.0234326 0.0190327 0.0354066 0.0139025 -0.00204943 0.0141167 0.028831 0.043782 0.0750606 0.0274173 0.0230309 0.0301444 0.0237864 0.0257598 0.0231202 0.0314327 0.0374505 0.0107369 0.052665 0.0349599 0.0253908 0.0324087 0.0244806 0.0355591 -0.00506052 0.0188364 0.0143894 0.0115298 0.0260045 0.00437839 0.0241006 0.026362 0.0119206 0.00735717 0.0141788 0.0069391 0.0227861 0.0274179 0.0224154 0.0238581 0.0247514 0.00359555 0.0116185 0.015471 0.00216753 0.0452584 -0.0085477 0.0413881 0.0520192 0.0658033
internal_weight=96213.3 72859.3 28386.7 44472.5 12458 21793.9 15928.7 22678.7 8858.85 3252.29 76.763 3175.53 5606.56 10250.8 3626.74 12441.3 85.9824 53.1646 38.1665 29.5064 14.5183 365.58 276.663 8831.27 503.716 472.233 443.03 248.752 192.716 56.0363 85.212 38.8853 107.504 86.2033 69.0717 50.2332 18.8384 26.8954 664.618 10237.3 42.1454 21.084 5129.86 2190.51 149.249 130.956 104.49 84.7481 49.624 2041.26 2939.36 2257.39 2103.85 48.449 153.534 139.069 66.0468 19.7414 50.8216 561.406 132.025 29.2034
internal_count=450276 304994 116514 188480 50633 91639 65881 96841 36783 13509 319 13190 23274 42896 14659 52933 367 227 163 126 62 1525 1154 35974 2058 1929 1810 1016 787 229 348 159 439 352 282 205 77 110 2760 43908 172 86 21293 9094 620 544 434 352 206 8474 12199 9367 8730 201 637 577 274 82 218 2262 532 119
is_linear=0
shrinkage=0.05


end of trees

feature_importances:
Column_19=79
Column_5=41
Column_7=38
Column_43=33
Column_41=31
Column_45=30
Column_49=25
Column_27=24
Column_48=23
Column_50=21
Column_33=20
Column_38=18
Column_56=18
Column_9=17
Column_39=17
Column_15=16
Column_26=16
Column_51=16
Column_14=15
Column_55=15
Column_61=15
Column_23=14
Column_6=13
Column_10=13
Column_20=13
Column_24=11
Column_8=10
Column_25=10
Column_52=8
Column_4=7
Column_2=6
Column_13=5
Column_21=5
Column_53=5
Column_0=4
Column_1=4
Column_31=4
Column_54=4
Column_3=3
Column_22=3
Column_47=3
Column_59=3
Column_35=2
Column_57=2
Column_60=2

parameters:
[boosting: gbdt]
[objective: binary]
[metric: auc,binary_logloss]
[tree_learner: serial]
[device_type: cpu]
[data_sample_strategy: bagging]
[data: ]
[valid: ]
[num_iterations: 400]
[learning_rate: 0.05]
[num_leaves: 63]
[num_threads: 4]
[seed: 42]
[deterministic: 1]
[force_col_wise: 0]
[force_row_wise: 0]
[histogram_pool_size: -1]
[max_depth: -1]
[min_data_in_leaf: 20]
[min_sum_hessian_in_leaf: 0.001]
[bagging_fraction: 0.9]
[pos_bagging_fraction: 1]
[neg_bagging_fraction: 1]
[bagging_freq: 1]
[bagging_seed: 400]
[bagging_by_query: 0]
[feature_fraction: 0.9]
[feature_fraction_bynode: 1]
[feature_fraction_seed: 30056]
[extra_trees: 0]
[extra_seed: 12879]
[early_stopping_round: 0]
[early_stopping_min_delta: 0]
[first_metric_only: 0]
[max_delta_step: 0]
[lambda_l1: 0]
[lambda_l2: 0]
[linear_lambda: 0]
[min_gain_to_split: 0]
[drop_rate: 0.1]
[max_drop: 50]
[skip_drop: 0.5]
[xgboost_dart_mode: 0]
[uniform_drop: 0]
[drop_seed: 17869]
[top_rate: 0.2]
[other_rate: 0.1]
[min_data_per_group: 100]
[max_cat_threshold: 32]
[cat_l2: 10]
[cat_smooth: 10]
[max_cat_to_onehot: 4]
[top_k: 20]
[monotone_constraints: ]
[monotone_constraints_method: basic]
[monotone_penalty: 0]
[feature_contri: ]
[forcedsplits_filename: ]
[refit_decay_rate: 0.9]
[cegb_tradeoff: 1]
[cegb_penalty_split: 0]
[cegb_penalty_feature_lazy: ]
[cegb_penalty_feature_coupled: ]
[path_smooth: 0]
[interaction_constraints: ]
[verbosity: -1]
[saved_feature_importance_type: 0]
[use_quantized_grad: 0]
[num_grad_quant_bins: 4]
[quant_train_renew_leaf: 0]
[stochastic_rounding: 1]
[linear_tree: 0]
[max_bin: 255]
[max_bin_by_feature: ]
[min_data_in_bin: 3]
[bin_construct_sample_cnt: 200000]
[data_random_seed: 175]
[is_enable_sparse: 1]
[enable_bundle: 1]
[use_missing: 1]
[zero_as_missing: 0]
[feature_pre_filter: 1]
[pre_partition: 0]
[two_round: 0]
[header: 0]
[label_column: ]
[weight_column: ]
[group_column: ]
[ignore_column: ]
[categorical_feature: ]
[forcedbins_filename: ]
[precise_float_parser: 0]
[parser_config_file: ]
[objective_seed: 16083]
[num_class: 1]
[is_unbalance: 0]
[scale_pos_weight: 1]
[sigmoid: 1]
[boost_from_average: 1]
[reg_sqrt: 0]
[alpha: 0.9]
[fair_c: 1]
[poisson_max_delta_step: 0.7]
[tweedie_variance_power: 1.5]
[lambdarank_truncation_level: 30]
[lambdarank_norm: 1]
[label_gain: ]
[lambdarank_position_bias_regularization: 0]
[eval_at: ]
[multi_error_top_k: 1]
[auc_mu_weights: ]
[num_machines: 1]
[local_listen_port: 12400]
[time_out: 120]
[machine_list_filename: ]
[machines: ]
[gpu_platform_id: -1]
[gpu_device_id: -1]
[gpu_use_dp: 0]
[num_gpu: 1]

end of parameters

pandas_categorical:null
